0.000000000000000000e+00 4.479715082068752019e-01 3.237831176833025348e-01 4.236276849642005016e-01 2.334233791748526465e-01 4.583736689254598318e-01 4.471996579734929256e-01 4.195183776932826514e-01 4.102244389027431271e-01 3.484848484848485084e-01 4.666403474141334606e-01 4.117977528089887818e-01 4.679214015151514916e-01 4.583333333333333148e-01 4.701039861351819504e-01 4.869827349958892881e-01 4.766526019690576765e-01 4.636614535418583372e-01 4.578384798099762731e-01 4.617706237424547555e-01 4.659587757651467710e-01 4.515306122448979331e-01 4.541441883276115532e-01 4.514811031664964225e-01 4.767779390420899821e-01 4.749582637729549139e-01 4.732289950576606397e-01 4.575707154742096328e-01 4.687230371009490915e-01 3.947368421052631637e-01 4.838709677419354982e-01 4.761092150170648241e-01 4.877450980392156743e-01 2.894736842105263275e-01 4.788177339901477647e-01 3.499999999999999778e-01 4.622866216752679613e-01 4.583144540099682862e-01 4.660110420979985957e-01 4.547432550043515875e-01 4.668255860150973269e-01 4.736358062538320035e-01
4.479715082068752019e-01 0.000000000000000000e+00 4.719764011799409964e-01 4.358974358974359031e-01 4.511800840607824159e-01 4.351851851851851749e-01 4.548949256791389173e-01 4.326484018264840081e-01 4.051094890510948954e-01 2.727272727272727071e-01 4.399269072635906830e-01 4.511235955056179803e-01 4.786056253740275102e-01 4.743493021501320461e-01 4.613328581610833812e-01 4.543831168831168887e-01 4.688478941872606942e-01 4.598765432098765316e-01 4.453993933265925076e-01 4.292682926829268220e-01 4.677985948477751954e-01 3.879310344827586188e-01 4.683143219264892521e-01 4.086845466155811235e-01 4.427973491454482158e-01 4.504482071713147295e-01 4.491657977059436702e-01 4.422413793103448509e-01 4.567360350492880583e-01 4.414225941422594279e-01 4.682259488084730692e-01 4.003831417624520994e-01 4.574795081967212851e-01 3.428571428571428603e-01 4.495586380832282680e-01 2.700000000000000178e-01 4.686234817813765274e-01 4.375000000000000000e-01 4.718369062631357913e-01 4.598416289592759942e-01 4.694430754066042377e-01 4.280769230769230771e-01
3.237831176833025348e-01 4.719764011799409964e-01 0.000000000000000000e+00 4.250645994832041308e-01 3.292046936114732536e-01 4.747386759581881388e-01 4.394790602655770928e-01 4.795486600846262104e-01 4.254278728606357141e-01 2.656250000000000000e-01 4.613108784706417831e-01 4.063694267515923775e-01 4.873437500000000200e-01 4.781236853176272783e-01 4.907675597393193478e-01 4.578748280605227094e-01 4.644837144837145049e-01 4.400308522946393963e-01 4.112015318334131253e-01 4.203947368421052655e-01 4.359567901234567833e-01 3.357664233576642121e-01 4.565734681737061429e-01 3.975903614457831359e-01 4.608150470219435912e-01 4.906519654841802747e-01 4.593358999037536194e-01 4.387159533073929918e-01 4.744303797468354400e-01 3.556701030927835183e-01 4.707241910631740911e-01 4.211538461538461564e-01 4.874213836477987449e-01 1.956521739130434867e-01 4.857293868921775948e-01 3.888888888888888951e-01 4.481779460482726019e-01 4.332925336597307497e-01 4.618951612903225978e-01 4.296144859813084138e-01 4.363131079203335094e-01 4.418876755070202944e-01
4.236276849642005016e-01 4.358974358974359031e-01 4.250645994832041308e-01 0.000000000000000000e+00 4.169096209912536710e-01 4.104278074866309911e-01 4.424920127795526903e-01 3.906250000000000000e-01 3.656716417910447769e-01 2.941176470588235392e-01 4.395886889460154379e-01 4.058641975308642236e-01 4.597701149425287293e-01 4.491758241758241899e-01 4.625360230547550522e-01 4.699999999999999734e-01 4.123287671232876983e-01 4.358490566037735992e-01 3.658536585365853577e-01 3.525179856115107646e-01 4.184615384615384404e-01 1.818181818181818232e-01 3.504672897196261516e-01 3.901515151515151381e-01 4.648910411622276251e-01 3.858695652173912971e-01 4.292682926829268220e-01 3.274111675126903376e-01 3.936651583710407132e-01 2.288135593220338992e-01 3.033707865168539519e-01 2.539682539682539542e-01 3.681318681318681563e-01 2.000000000000000111e-01 3.591549295774648098e-01 1.363636363636363535e-01 4.004739336492891266e-01 3.790613718411552369e-01 4.197324414715719043e-01 3.692307692307692513e-01 4.214559386973180111e-01 4.092920353982301140e-01
2.334233791748526465e-01 4.511800840607824159e-01 3.292046936114732536e-01 4.169096209912536710e-01 0.000000000000000000e+00 4.567110655737705027e-01 4.453800637232590010e-01 4.257294429708222694e-01 4.097938144329896781e-01 3.214285714285714524e-01 4.683728672492717404e-01 4.255065554231227676e-01 4.768428709990300551e-01 4.691904293674205029e-01 4.717423133235724708e-01 4.853700516351118766e-01 4.694193912063134300e-01 4.712362301101591378e-01 4.604386995691343576e-01 4.358600583090379010e-01 4.712696941612604107e-01 4.278350515463917314e-01 4.716618635926993486e-01 4.514314928425358087e-01 4.833790789874962135e-01 4.685160722148833390e-01 4.702146298729741325e-01 4.485559566787003516e-01 4.742765273311896901e-01 3.691860465116278966e-01 4.593926553672316171e-01 4.686411149825783773e-01 4.353041988003427676e-01 3.157894736842105088e-01 4.540967423494570721e-01 3.800000000000000044e-01 4.652610441767068283e-01 4.665418811417875733e-01 4.635193133047210146e-01 4.772727272727272929e-01 4.609277058086084233e-01 4.685714285714285832e-01
4.583736689254598318e-01 4.351851851851851749e-01 4.747386759581881388e-01 4.104278074866309911e-01 4.567110655737705027e-01 0.000000000000000000e+00 4.653537563822027767e-01 4.269051321928460374e-01 3.251748251748251550e-01 2.321428571428571508e-01 4.476789929189614603e-01 4.171732522796352538e-01 4.605200945626477527e-01 4.689532820816085246e-01 4.682098765432098908e-01 4.371713985278654069e-01 4.803865832859579577e-01 4.589506172839505904e-01 4.068857589984350431e-01 3.761160714285714524e-01 4.394719896973599549e-01 3.361344537815126321e-01 4.186046511627907196e-01 3.980000000000000204e-01 4.569365652398143518e-01 4.550478997789240698e-01 4.465116279069767380e-01 3.801261829652997082e-01 4.262634631317315792e-01 3.836477987421383906e-01 4.315068493150684970e-01 3.418604651162790442e-01 4.295774647887323772e-01 3.166666666666666519e-01 3.847656250000000000e-01 2.261904761904761918e-01 4.223140495867768740e-01 4.217749313815187806e-01 4.519898926089703228e-01 4.310498220640569533e-01 4.577464788732394374e-01 3.880503144654088299e-01
4.471996579734929256e-01 4.548949256791389173e-01 4.394790602655770928e-01 4.424920127795526903e-01 4.453800637232590010e-01 4.653537563822027767e-01 0.000000000000000000e+00 4.313725490196078649e-01 3.825431034482758563e-01 3.333333333333333148e-01 3.276112185686653744e-01 4.029535864978903148e-01 4.649265905383360709e-01 4.568306010928961935e-01 4.569918308505526161e-01 4.394891122278056783e-01 4.853339350180505551e-01 4.615384615384615641e-01 4.617092119866814670e-01 4.116117850953206481e-01 4.805947580645161255e-01 3.290598290598290565e-01 4.436900958466453715e-01 4.035087719298245390e-01 4.693378480060195757e-01 4.588041431261770109e-01 4.635509838998211340e-01 4.166666666666666852e-01 4.687927107061503618e-01 4.684210526315789602e-01 4.773175542406311589e-01 4.015544041450777035e-01 4.676591375770020598e-01 1.428571428571428492e-01 4.587945879458794618e-01 3.292682926829268442e-01 4.404487917146144849e-01 4.554973821989528604e-01 4.374238114587565840e-01 4.439078751857354899e-01 4.379758172861621390e-01 4.412844036697247674e-01
4.195183776932826514e-01 4.326484018264840081e-01 4.795486600846262104e-01 3.906250000000000000e-01 4.257294429708222694e-01 4.269051321928460374e-01 4.313725490196078649e-01 0.000000000000000000e+00 3.800000000000000044e-01 2.763157894736842368e-01 4.469798657718120904e-01 2.716857610474631701e-01 4.642857142857143016e-01 4.247512437810945229e-01 4.720588235294117530e-01 4.568047337278106634e-01 4.513108614232209659e-01 4.496124031007752153e-01 4.388686131386861367e-01 3.768328445747800570e-01 4.468531468531468653e-01 3.051948051948051854e-01 3.828282828282828509e-01 3.732638888888888951e-01 4.580152671755725047e-01 3.909090909090909283e-01 4.331983805668015997e-01 3.725212464589235384e-01 4.310344827586206629e-01 3.588957055214723746e-01 3.918918918918918859e-01 3.571428571428571508e-01 3.733031674208144857e-01 1.499999999999999944e-01 4.144385026737967825e-01 2.500000000000000000e-01 4.041994750656168200e-01 3.449781659388646560e-01 4.856115107913668849e-01 3.415730337078651813e-01 4.456066945606694807e-01 3.593350383631713774e-01
4.102244389027431271e-01 4.051094890510948954e-01 4.254278728606357141e-01 3.656716417910447769e-01 4.097938144329896781e-01 3.251748251748251550e-01 3.825431034482758563e-01 3.800000000000000044e-01 0.000000000000000000e+00 0.000000000000000000e+00 3.894117647058823461e-01 3.858695652173912971e-01 4.050632911392405000e-01 3.731343283582089776e-01 3.951807228915662495e-01 4.637681159420289911e-01 4.798578199052132565e-01 4.460431654676259017e-01 4.122516556291390688e-01 2.644628099173553792e-01 4.071038251366120297e-01 1.499999999999999944e-01 3.724137931034482984e-01 2.346938775510204189e-01 4.597938144329896670e-01 4.042553191489361430e-01 4.436936936936937137e-01 2.063492063492063378e-01 4.367816091954023205e-01 2.083333333333333426e-01 3.802395209580838320e-01 1.666666666666666574e-01 3.463855421686746761e-01 0.000000000000000000e+00 3.925925925925926041e-01 4.545454545454545581e-02 3.662500000000000200e-01 3.684210526315789269e-01 4.299163179916318245e-01 3.684210526315789269e-01 3.861171366594360332e-01 3.368200836820083865e-01
3.484848484848485084e-01 2.727272727272727071e-01 2.656250000000000000e-01 2.941176470588235392e-01 3.214285714285714524e-01 2.321428571428571508e-01 3.333333333333333148e-01 2.763157894736842368e-01 0.000000000000000000e+00 0.000000000000000000e+00 3.382352941176470784e-01 3.387096774193548154e-01 2.884615384615384359e-01 3.552631578947368363e-01 2.500000000000000000e-01 2.159090909090909116e-01 3.518518518518518601e-01 3.181818181818181768e-01 2.352941176470588203e-01 1.250000000000000000e-01 2.884615384615384359e-01 0.000000000000000000e+00 2.500000000000000000e-01 7.142857142857142461e-02 2.674418604651162545e-01 2.121212121212121271e-01 3.064516129032258118e-01 3.611111111111111049e-01 4.285714285714285476e-01 2.031250000000000000e-01 2.222222222222222099e-01 1.000000000000000056e-01 1.250000000000000000e-01 0.000000000000000000e+00 1.000000000000000056e-01 5.555555555555555247e-02 2.916666666666666852e-01 3.088235294117647189e-01 3.333333333333333148e-01 2.727272727272727071e-01 2.794117647058823595e-01 2.931034482758620441e-01
4.666403474141334606e-01 4.399269072635906830e-01 4.613108784706417831e-01 4.395886889460154379e-01 4.683728672492717404e-01 4.476789929189614603e-01 3.276112185686653744e-01 4.469798657718120904e-01 3.894117647058823461e-01 3.382352941176470784e-01 0.000000000000000000e+00 4.052835051546391787e-01 4.635596471039509225e-01 4.607343192248852803e-01 4.535765040265277159e-01 4.780632411067193832e-01 4.684549356223176031e-01 4.612658227848101533e-01 4.591598599766627542e-01 4.250317662007623842e-01 4.542974079126875786e-01 3.519999999999999796e-01 4.515432098765432278e-01 4.366306027820711089e-01 4.654892407632967855e-01 4.350328947368420907e-01 4.586056644880174282e-01 4.200743494423792024e-01 4.623955431754874779e-01 4.228723404255319007e-01 4.814606741573033699e-01 4.182242990654205794e-01 4.734982332155476814e-01 2.631578947368420907e-01 4.648275862068965703e-01 2.500000000000000000e-01 4.440133037694013463e-01 4.353995519044062679e-01 4.311926605504587395e-01 4.257532281205165248e-01 4.337801608579088253e-01 3.994280266920877120e-01
4.117977528089887818e-01 4.511235955056179803e-01 4.063694267515923775e-01 4.058641975308642236e-01 4.255065554231227676e-01 4.171732522796352538e-01 4.029535864978903148e-01 2.716857610474631701e-01 3.858695652173912971e-01 3.387096774193548154e-01 4.052835051546391787e-01 0.000000000000000000e+00 4.472551130247577889e-01 4.365452408930669548e-01 4.599483204134366954e-01 4.664502164502164483e-01 4.652509652509652649e-01 4.372881355932203284e-01 3.929384965831435039e-01 3.925831202046035640e-01 4.521800281293952284e-01 3.098591549295774406e-01 4.012345679012345734e-01 4.011299435028248817e-01 4.370725034199726133e-01 4.052757793764987793e-01 4.088235294117646967e-01 3.800000000000000044e-01 4.135802469135802517e-01 4.160305343511450649e-01 4.255319148936170248e-01 3.529411764705882582e-01 3.431952662721893255e-01 2.500000000000000000e-01 3.811475409836065364e-01 2.187500000000000000e-01 4.145496535796766580e-01 4.307282415630550587e-01 4.338061465721040344e-01 4.060283687943262443e-01 4.247448979591836871e-01 3.499999999999999778e-01
4.679214015151514916e-01 4.786056253740275102e-01 4.873437500000000200e-01 4.597701149425287293e-01 4.768428709990300551e-01 4.605200945626477527e-01 4.649265905383360709e-01 4.642857142857143016e-01 4.050632911392405000e-01 2.884615384615384359e-01 4.635596471039509225e-01 4.472551130247577889e-01 0.000000000000000000e+00 4.577173270254287218e-01 4.469342864998624987e-01 4.889891217829663295e-01 4.806599945902082505e-01 4.388710149166422658e-01 4.702651515151515249e-01 4.331476323119777261e-01 4.708159618820726422e-01 4.650000000000000244e-01 4.663984855655466388e-01 4.522637795275590289e-01 4.519203812727782266e-01 4.427782162588792536e-01 4.390099009900990112e-01 4.285714285714285476e-01 4.200497100248550275e-01 4.222222222222222210e-01 4.422005571030640514e-01 4.353741496598639293e-01 4.602272727272727071e-01 2.368421052631578816e-01 4.511718750000000000e-01 4.099999999999999756e-01 4.831786542923434125e-01 4.716939407341884105e-01 4.478392977717758350e-01 4.639639639639639435e-01 4.581027667984189922e-01 4.807460890493381322e-01
4.583333333333333148e-01 4.743493021501320461e-01 4.781236853176272783e-01 4.491758241758241899e-01 4.691904293674205029e-01 4.689532820816085246e-01 4.568306010928961935e-01 4.247512437810945229e-01 3.731343283582089776e-01 3.552631578947368363e-01 4.607343192248852803e-01 4.365452408930669548e-01 4.577173270254287218e-01 0.000000000000000000e+00 4.451196353968857045e-01 4.757015742642026201e-01 4.476363636363636100e-01 4.574468085106382920e-01 4.671385237613751018e-01 4.579390115667718031e-01 4.623918766453554152e-01 4.285714285714285476e-01 4.850973236009732403e-01 4.862110311750599267e-01 4.692363373145131966e-01 4.717083786724700634e-01 4.831744251261917977e-01 4.160839160839160944e-01 4.638196915776987006e-01 3.636363636363636465e-01 4.892197125256673718e-01 4.490566037735849170e-01 4.584282460136674398e-01 2.884615384615384359e-01 4.886524822695035297e-01 4.042553191489361430e-01 4.784335981838819252e-01 4.400123685837971643e-01 4.626063591580832912e-01 4.612825166364186158e-01 4.643835616438355962e-01 4.555471124620060763e-01
4.701039861351819504e-01 4.613328581610833812e-01 4.907675597393193478e-01 4.625360230547550522e-01 4.717423133235724708e-01 4.682098765432098908e-01 4.569918308505526161e-01 4.720588235294117530e-01 3.951807228915662495e-01 2.500000000000000000e-01 4.535765040265277159e-01 4.599483204134366954e-01 4.469342864998624987e-01 4.451196353968857045e-01 0.000000000000000000e+00 4.480222294867604038e-01 4.599532300496930737e-01 4.504262709188506242e-01 4.743861134631667809e-01 4.474459724950883843e-01 4.809493057797868953e-01 3.978494623655913776e-01 4.405965621840242652e-01 4.473067915690866481e-01 4.862879529872674023e-01 4.813559322033898469e-01 4.516826923076923128e-01 4.424686192468619272e-01 4.551637279596977281e-01 3.297872340425531679e-01 4.698795180722891707e-01 4.095744680851063912e-01 4.812967581047381538e-01 3.026315789473684181e-01 4.570429570429570543e-01 2.250000000000000056e-01 4.793962625778629416e-01 4.599156118143459815e-01 4.720659163987138141e-01 4.792387543252595306e-01 4.677491103202847111e-01 4.564705882352941280e-01
4.869827349958892881e-01 4.543831168831168887e-01 4.578748280605227094e-01 4.699999999999999734e-01 4.853700516351118766e-01 4.371713985278654069e-01 4.394891122278056783e-01 4.568047337278106634e-01 4.637681159420289911e-01 2.159090909090909116e-01 4.780632411067193832e-01 4.664502164502164483e-01 4.889891217829663295e-01 4.757015742642026201e-01 4.480222294867604038e-01 0.000000000000000000e+00 3.941823899371069140e-01 4.710371141172389753e-01 4.184199227136110033e-01 4.304635761589403753e-01 4.167827298050139073e-01 3.666666666666666408e-01 4.212576516416249306e-01 4.471445929526123853e-01 4.809880239520958334e-01 4.678137651821862586e-01 4.669322709163346574e-01 4.430693069306930743e-01 4.709499575911789693e-01 3.924528301886792692e-01 4.678899082568807599e-01 4.170506912442396574e-01 4.672509225092251195e-01 3.194444444444444198e-01 4.561111111111111338e-01 3.555555555555555691e-01 4.696414017929910201e-01 4.778571428571428692e-01 4.526202440775304869e-01 4.723653395784543352e-01 4.624075595727197840e-01 4.669934640522875879e-01
4.766526019690576765e-01 4.688478941872606942e-01 4.644837144837145049e-01 4.123287671232876983e-01 4.694193912063134300e-01 4.803865832859579577e-01 4.853339350180505551e-01 4.513108614232209659e-01 4.798578199052132565e-01 3.518518518518518601e-01 4.684549356223176031e-01 4.652509652509652649e-01 4.806599945902082505e-01 4.476363636363636100e-01 4.599532300496930737e-01 3.941823899371069140e-01 0.000000000000000000e+00 4.888463989802421805e-01 4.790990259740259827e-01 4.676498572787821106e-01 4.861428105640691055e-01 4.969512195121951192e-01 4.496457489878542546e-01 4.706284153005464432e-01 4.884813579872688827e-01 4.527559055118109965e-01 4.891304347826087029e-01 4.252988047808765049e-01 4.778740875912408925e-01 4.161490683229813747e-01 4.613240418118466635e-01 4.488054607508532579e-01 4.609120521172638263e-01 2.999999999999999889e-01 4.515655577299412804e-01 3.265306122448979331e-01 4.708448117539026367e-01 4.668815943728018558e-01 4.706098457016899550e-01 4.682719546742209471e-01 4.677278674225904820e-01 4.877769289533995245e-01
4.636614535418583372e-01 4.598765432098765316e-01 4.400308522946393963e-01 4.358490566037735992e-01 4.712362301101591378e-01 4.589506172839505904e-01 4.615384615384615641e-01 4.496124031007752153e-01 4.460431654676259017e-01 3.181818181818181768e-01 4.612658227848101533e-01 4.372881355932203284e-01 4.388710149166422658e-01 4.574468085106382920e-01 4.504262709188506242e-01 4.710371141172389753e-01 4.888463989802421805e-01 0.000000000000000000e+00 4.418511066398390086e-01 4.162895927601810153e-01 4.303797468354430555e-01 4.485714285714285654e-01 4.403954802259886780e-01 4.180576631259483866e-01 4.757853403141361071e-01 4.625170377101317509e-01 4.595959595959596133e-01 4.226932668329176912e-01 4.746309963099630824e-01 3.439306358381503115e-01 4.152091254752851568e-01 3.445945945945945721e-01 4.204045734388742184e-01 3.281250000000000000e-01 4.819214876033057759e-01 3.214285714285714524e-01 4.679715302491103124e-01 4.666473317865429404e-01 4.761287934863064342e-01 4.744069912609238382e-01 4.666520403685827101e-01 4.728773584905660576e-01
4.578384798099762731e-01 4.453993933265925076e-01 4.112015318334131253e-01 3.658536585365853577e-01 4.604386995691343576e-01 4.068857589984350431e-01 4.617092119866814670e-01 4.388686131386861367e-01 4.122516556291390688e-01 2.352941176470588203e-01 4.591598599766627542e-01 3.929384965831435039e-01 4.702651515151515249e-01 4.671385237613751018e-01 4.743861134631667809e-01 4.184199227136110033e-01 4.790990259740259827e-01 4.418511066398390086e-01 0.000000000000000000e+00 4.186351706036745557e-01 2.355971003433803834e-01 3.673469387755102233e-01 3.936984687868080313e-01 4.381625441696113121e-01 4.466904478795085121e-01 4.752929190015282579e-01 4.509357612544259153e-01 4.330254041570438805e-01 4.471354166666666741e-01 3.645161290322580516e-01 4.219283276450511710e-01 4.359504132231404872e-01 4.595261599210266334e-01 1.538461538461538547e-01 4.263157894736842035e-01 2.205882352941176405e-01 4.591288782816229097e-01 4.615082482325216229e-01 4.738503155996393046e-01 4.572213500784929607e-01 4.758850692662904280e-01 4.565839694656488312e-01
4.617706237424547555e-01 4.292682926829268220e-01 4.203947368421052655e-01 3.525179856115107646e-01 4.358600583090379010e-01 3.761160714285714524e-01 4.116117850953206481e-01 3.768328445747800570e-01 2.644628099173553792e-01 1.250000000000000000e-01 4.250317662007623842e-01 3.925831202046035640e-01 4.331476323119777261e-01 4.579390115667718031e-01 4.474459724950883843e-01 4.304635761589403753e-01 4.676498572787821106e-01 4.162895927601810153e-01 4.186351706036745557e-01 0.000000000000000000e+00 4.494602551521099110e-01 3.357142857142856873e-01 3.621372031662269397e-01 3.037109375000000000e-01 4.824561403508771940e-01 4.439501779359430467e-01 4.173693086003372743e-01 3.761755485893417128e-01 4.061946902654867131e-01 2.407407407407407274e-01 3.934707903780068627e-01 3.155339805825242983e-01 3.170731707317073211e-01 2.272727272727272652e-01 4.111111111111110938e-01 3.750000000000000000e-01 3.701754385964912131e-01 4.022988505747126520e-01 4.313408723747980678e-01 3.931297709923664008e-01 4.163533834586466420e-01 3.619402985074626766e-01
4.659587757651467710e-01 4.677985948477751954e-01 4.359567901234567833e-01 4.184615384615384404e-01 4.712696941612604107e-01 4.394719896973599549e-01 4.805947580645161255e-01 4.468531468531468653e-01 4.071038251366120297e-01 2.884615384615384359e-01 4.542974079126875786e-01 4.521800281293952284e-01 4.708159618820726422e-01 4.623918766453554152e-01 4.809493057797868953e-01 4.167827298050139073e-01 4.861428105640691055e-01 4.303797468354430555e-01 2.355971003433803834e-01 4.494602551521099110e-01 0.000000000000000000e+00 4.693877551020408379e-01 3.670438472418670606e-01 4.612499999999999933e-01 4.693220338983050688e-01 4.717297556300910633e-01 4.495656370656370693e-01 4.418145956607494873e-01 4.480160723254645871e-01 4.000000000000000222e-01 4.634334103156274032e-01 4.073426573426573438e-01 4.525089605734767262e-01 3.148148148148148251e-01 4.378349410503751260e-01 3.777777777777777679e-01 4.490114464099895786e-01 4.454322501532801959e-01 4.649979649979649743e-01 4.586063132817153054e-01 4.715174724748683599e-01 4.679841897233201764e-01
4.515306122448979331e-01 3.879310344827586188e-01 3.357664233576642121e-01 1.818181818181818232e-01 4.278350515463917314e-01 3.361344537815126321e-01 3.290598290598290565e-01 3.051948051948051854e-01 1.499999999999999944e-01 nan 3.519999999999999796e-01 3.098591549295774406e-01 4.650000000000000244e-01 4.285714285714285476e-01 3.978494623655913776e-01 3.666666666666666408e-01 4.969512195121951192e-01 4.485714285714285654e-01 3.673469387755102233e-01 3.357142857142856873e-01 4.693877551020408379e-01 0.000000000000000000e+00 3.636363636363636465e-01 3.413978494623655657e-01 4.281437125748502881e-01 3.686131386861313808e-01 4.417808219178082085e-01 2.068965517241379282e-01 4.172932330827067715e-01 1.333333333333333315e-01 1.749999999999999889e-01 1.666666666666666574e-01 2.321428571428571508e-01 8.333333333333332871e-02 1.818181818181818232e-01 1.388888888888888951e-01 3.809523809523809312e-01 3.841059602649006810e-01 4.100719424460431695e-01 4.054054054054054279e-01 4.291044776119403159e-01 3.140495867768595128e-01
4.541441883276115532e-01 4.683143219264892521e-01 4.565734681737061429e-01 3.504672897196261516e-01 4.716618635926993486e-01 4.186046511627907196e-01 4.436900958466453715e-01 3.828282828282828509e-01 3.724137931034482984e-01 2.500000000000000000e-01 4.515432098765432278e-01 4.012345679012345734e-01 4.663984855655466388e-01 4.850973236009732403e-01 4.405965621840242652e-01 4.212576516416249306e-01 4.496457489878542546e-01 4.403954802259886780e-01 3.936984687868080313e-01 3.621372031662269397e-01 3.670438472418670606e-01 3.636363636363636465e-01 0.000000000000000000e+00 3.951999999999999957e-01 4.733676975945017018e-01 4.427803379416282437e-01 4.471830985915493106e-01 4.000000000000000222e-01 4.507154213036566048e-01 3.289473684210526550e-01 4.387626262626262430e-01 3.601190476190476164e-01 4.323962516733600991e-01 2.999999999999999889e-01 4.509001636661211232e-01 2.321428571428571508e-01 4.429386590584878935e-01 4.253731343283582156e-01 4.410393071285809707e-01 4.239526411657559279e-01 4.571322985957132490e-01 4.266272189349112343e-01
4.514811031664964225e-01 4.086845466155811235e-01 3.975903614457831359e-01 3.901515151515151381e-01 4.514314928425358087e-01 3.980000000000000204e-01 4.035087719298245390e-01 3.732638888888888951e-01 2.346938775510204189e-01 7.142857142857142461e-02 4.366306027820711089e-01 4.011299435028248817e-01 4.522637795275590289e-01 4.862110311750599267e-01 4.473067915690866481e-01 4.471445929526123853e-01 4.706284153005464432e-01 4.180576631259483866e-01 4.381625441696113121e-01 3.037109375000000000e-01 4.612499999999999933e-01 3.413978494623655657e-01 3.951999999999999957e-01 0.000000000000000000e+00 4.755043227665706196e-01 4.591078066914497935e-01 4.415204678362573132e-01 3.139534883720930258e-01 4.417670682730923670e-01 2.685185185185185452e-01 3.039772727272727071e-01 3.066037735849056478e-01 3.449197860962566753e-01 3.043478260869565410e-01 2.971014492753623060e-01 3.709677419354838745e-01 4.390625000000000222e-01 4.099848714069591615e-01 4.714828897338402824e-01 4.004491017964071919e-01 4.438559322033898136e-01 3.894117647058823461e-01
4.767779390420899821e-01 4.427973491454482158e-01 4.608150470219435912e-01 4.648910411622276251e-01 4.833790789874962135e-01 4.569365652398143518e-01 4.693378480060195757e-01 4.580152671755725047e-01 4.597938144329896670e-01 2.674418604651162545e-01 4.654892407632967855e-01 4.370725034199726133e-01 4.519203812727782266e-01 4.692363373145131966e-01 4.862879529872674023e-01 4.809880239520958334e-01 4.884813579872688827e-01 4.757853403141361071e-01 4.466904478795085121e-01 4.824561403508771940e-01 4.693220338983050688e-01 4.281437125748502881e-01 4.733676975945017018e-01 4.755043227665706196e-01 0.000000000000000000e+00 4.729437229437229440e-01 2.557803468208092457e-01 4.665492957746478764e-01 2.787193973634651822e-01 4.433198380566801822e-01 4.673832468495181525e-01 3.732876712328767055e-01 4.897959183673469274e-01 2.777777777777777901e-01 4.970238095238095344e-01 3.599999999999999867e-01 4.743354720439963423e-01 4.673256452498626978e-01 4.632795188350743998e-01 4.470556455969745824e-01 4.742930591259640338e-01 4.755172413793103403e-01
4.749582637729549139e-01 4.504482071713147295e-01 4.906519654841802747e-01 3.858695652173912971e-01 4.685160722148833390e-01 4.550478997789240698e-01 4.588041431261770109e-01 3.909090909090909283e-01 4.042553191489361430e-01 2.121212121212121271e-01 4.350328947368420907e-01 4.052757793764987793e-01 4.427782162588792536e-01 4.717083786724700634e-01 4.813559322033898469e-01 4.678137651821862586e-01 4.527559055118109965e-01 4.625170377101317509e-01 4.752929190015282579e-01 4.439501779359430467e-01 4.717297556300910633e-01 3.686131386861313808e-01 4.427803379416282437e-01 4.591078066914497935e-01 4.729437229437229440e-01 0.000000000000000000e+00 4.505727619855748878e-01 3.702770780856423083e-01 4.651621384750219135e-01 3.789473684210526438e-01 4.022988505747126520e-01 3.256410256410256499e-01 4.410456062291435164e-01 1.562500000000000000e-01 4.271117166212534122e-01 2.656250000000000000e-01 4.300219538968166888e-01 4.464760638297872175e-01 4.647082018927444769e-01 4.483443708609271550e-01 4.497982967279247069e-01 4.505403158769742400e-01
4.732289950576606397e-01 4.491657977059436702e-01 4.593358999037536194e-01 4.292682926829268220e-01 4.702146298729741325e-01 4.465116279069767380e-01 4.635509838998211340e-01 4.331983805668015997e-01 4.436936936936937137e-01 3.064516129032258118e-01 4.586056644880174282e-01 4.088235294117646967e-01 4.390099009900990112e-01 4.831744251261917977e-01 4.516826923076923128e-01 4.669322709163346574e-01 4.891304347826087029e-01 4.595959595959596133e-01 4.509357612544259153e-01 4.173693086003372743e-01 4.495656370656370693e-01 4.417808219178082085e-01 4.471830985915493106e-01 4.415204678362573132e-01 2.557803468208092457e-01 4.505727619855748878e-01 0.000000000000000000e+00 4.186390532544378429e-01 2.064147973238882328e-01 3.981042654028436045e-01 4.766627771295215976e-01 4.213483146067415475e-01 4.716351501668520352e-01 2.666666666666666630e-01 4.705093833780160661e-01 3.048780487804877981e-01 4.544491525423728917e-01 4.607093184979137446e-01 4.710395090141925589e-01 4.584192439862542767e-01 4.639821029082774051e-01 4.555084745762711940e-01
4.575707154742096328e-01 4.422413793103448509e-01 4.387159533073929918e-01 3.274111675126903376e-01 4.485559566787003516e-01 3.801261829652997082e-01 4.166666666666666852e-01 3.725212464589235384e-01 2.063492063492063378e-01 3.611111111111111049e-01 4.200743494423792024e-01 3.800000000000000044e-01 4.285714285714285476e-01 4.160839160839160944e-01 4.424686192468619272e-01 4.430693069306930743e-01 4.252988047808765049e-01 4.226932668329176912e-01 4.330254041570438805e-01 3.761755485893417128e-01 4.418145956607494873e-01 2.068965517241379282e-01 4.000000000000000222e-01 3.139534883720930258e-01 4.665492957746478764e-01 3.702770780856423083e-01 4.186390532544378429e-01 0.000000000000000000e+00 4.053627760252365708e-01 2.040358744394618895e-01 3.896551724137931050e-01 2.166666666666666741e-01 3.479999999999999760e-01 2.500000000000000000e-01 3.928571428571428492e-01 1.428571428571428492e-01 3.850000000000000089e-01 3.121387283236994326e-01 4.356659142212189750e-01 3.257790368271954451e-01 4.235588972431077459e-01 3.447098976109215229e-01
4.687230371009490915e-01 4.567360350492880583e-01 4.744303797468354400e-01 3.936651583710407132e-01 4.742765273311896901e-01 4.262634631317315792e-01 4.687927107061503618e-01 4.310344827586206629e-01 4.367816091954023205e-01 4.285714285714285476e-01 4.623955431754874779e-01 4.135802469135802517e-01 4.200497100248550275e-01 4.638196915776987006e-01 4.551637279596977281e-01 4.709499575911789693e-01 4.778740875912408925e-01 4.746309963099630824e-01 4.471354166666666741e-01 4.061946902654867131e-01 4.480160723254645871e-01 4.172932330827067715e-01 4.507154213036566048e-01 4.417670682730923670e-01 2.787193973634651822e-01 4.651621384750219135e-01 2.064147973238882328e-01 4.053627760252365708e-01 0.000000000000000000e+00 3.943661971830985657e-01 4.646118721461187095e-01 3.666666666666666408e-01 4.527744982290436981e-01 1.388888888888888951e-01 4.942775393419170382e-01 2.608695652173912971e-01 4.567099567099567325e-01 4.571843251088534288e-01 4.703525641025640969e-01 4.563974267333809620e-01 4.593345656192236448e-01 4.510332434860736539e-01
3.947368421052631637e-01 4.414225941422594279e-01 3.556701030927835183e-01 2.288135593220338992e-01 3.691860465116278966e-01 3.836477987421383906e-01 4.684210526315789602e-01 3.588957055214723746e-01 2.083333333333333426e-01 2.031250000000000000e-01 4.228723404255319007e-01 4.160305343511450649e-01 4.222222222222222210e-01 3.636363636363636465e-01 3.297872340425531679e-01 3.924528301886792692e-01 4.161490683229813747e-01 3.439306358381503115e-01 3.645161290322580516e-01 2.407407407407407274e-01 4.000000000000000222e-01 1.333333333333333315e-01 3.289473684210526550e-01 2.685185185185185452e-01 4.433198380566801822e-01 3.789473684210526438e-01 3.981042654028436045e-01 2.040358744394618895e-01 3.943661971830985657e-01 0.000000000000000000e+00 3.888888888888888951e-01 1.499999999999999944e-01 3.135593220338983023e-01 0.000000000000000000e+00 3.709677419354838745e-01 1.000000000000000056e-01 2.916666666666666852e-01 3.125000000000000000e-01 4.890829694323143850e-01 3.089887640449437978e-01 4.525547445255474477e-01 3.502824858757062065e-01
4.838709677419354982e-01 4.682259488084730692e-01 4.707241910631740911e-01 3.033707865168539519e-01 4.593926553672316171e-01 4.315068493150684970e-01 4.773175542406311589e-01 3.918918918918918859e-01 3.802395209580838320e-01 2.222222222222222099e-01 4.814606741573033699e-01 4.255319148936170248e-01 4.422005571030640514e-01 4.892197125256673718e-01 4.698795180722891707e-01 4.678899082568807599e-01 4.613240418118466635e-01 4.152091254752851568e-01 4.219283276450511710e-01 3.934707903780068627e-01 4.634334103156274032e-01 1.749999999999999889e-01 4.387626262626262430e-01 3.039772727272727071e-01 4.673832468495181525e-01 4.022988505747126520e-01 4.766627771295215976e-01 3.896551724137931050e-01 4.646118721461187095e-01 3.888888888888888951e-01 0.000000000000000000e+00 3.433734939759036098e-01 3.118908382066276630e-01 0.000000000000000000e+00 3.541436464088397740e-01 2.500000000000000000e-01 4.561186650185414249e-01 4.019784172661870492e-01 4.484159220146222702e-01 4.320695102685623845e-01 4.789272030651340883e-01 4.176136363636363535e-01
4.761092150170648241e-01 4.003831417624520994e-01 4.211538461538461564e-01 2.539682539682539542e-01 4.686411149825783773e-01 3.418604651162790442e-01 4.015544041450777035e-01 3.571428571428571508e-01 1.666666666666666574e-01 1.000000000000000056e-01 4.182242990654205794e-01 3.529411764705882582e-01 4.353741496598639293e-01 4.490566037735849170e-01 4.095744680851063912e-01 4.170506912442396574e-01 4.488054607508532579e-01 3.445945945945945721e-01 4.359504132231404872e-01 3.155339805825242983e-01 4.073426573426573438e-01 1.666666666666666574e-01 3.601190476190476164e-01 3.066037735849056478e-01 3.732876712328767055e-01 3.256410256410256499e-01 4.213483146067415475e-01 2.166666666666666741e-01 3.666666666666666408e-01 1.499999999999999944e-01 3.433734939759036098e-01 0.000000000000000000e+00 3.503649635036496512e-01 2.222222222222222099e-01 3.584905660377358250e-01 2.682926829268292845e-01 3.455882352941176405e-01 3.278688524590163689e-01 3.923444976076554958e-01 3.449612403100775215e-01 3.567073170731707155e-01 2.819148936170212671e-01
4.877450980392156743e-01 4.574795081967212851e-01 4.874213836477987449e-01 3.681318681318681563e-01 4.353041988003427676e-01 4.295774647887323772e-01 4.676591375770020598e-01 3.733031674208144857e-01 3.463855421686746761e-01 1.250000000000000000e-01 4.734982332155476814e-01 3.431952662721893255e-01 4.602272727272727071e-01 4.584282460136674398e-01 4.812967581047381538e-01 4.672509225092251195e-01 4.609120521172638263e-01 4.204045734388742184e-01 4.595261599210266334e-01 3.170731707317073211e-01 4.525089605734767262e-01 2.321428571428571508e-01 4.323962516733600991e-01 3.449197860962566753e-01 4.897959183673469274e-01 4.410456062291435164e-01 4.716351501668520352e-01 3.479999999999999760e-01 4.527744982290436981e-01 3.135593220338983023e-01 3.118908382066276630e-01 3.503649635036496512e-01 0.000000000000000000e+00 2.727272727272727071e-01 3.643578643578643805e-01 1.666666666666666574e-01 4.614825581395348708e-01 4.111721611721611547e-01 4.939365671641791078e-01 3.940170940170940050e-01 4.827586206896551935e-01 4.198396793587174103e-01
2.894736842105263275e-01 3.428571428571428603e-01 1.956521739130434867e-01 2.000000000000000111e-01 3.157894736842105088e-01 3.166666666666666519e-01 1.428571428571428492e-01 1.499999999999999944e-01 0.000000000000000000e+00 nan 2.631578947368420907e-01 2.500000000000000000e-01 2.368421052631578816e-01 2.884615384615384359e-01 3.026315789473684181e-01 3.194444444444444198e-01 2.999999999999999889e-01 3.281250000000000000e-01 1.538461538461538547e-01 2.272727272727272652e-01 3.148148148148148251e-01 8.333333333333332871e-02 2.999999999999999889e-01 3.043478260869565410e-01 2.777777777777777901e-01 1.562500000000000000e-01 2.666666666666666630e-01 2.500000000000000000e-01 1.388888888888888951e-01 nan 0.000000000000000000e+00 2.222222222222222099e-01 2.727272727272727071e-01 0.000000000000000000e+00 2.500000000000000000e-01 1.499999999999999944e-01 1.250000000000000000e-01 3.076923076923077094e-01 1.785714285714285754e-01 3.333333333333333148e-01 1.428571428571428492e-01 1.875000000000000000e-01
4.788177339901477647e-01 4.495586380832282680e-01 4.857293868921775948e-01 3.591549295774648098e-01 4.540967423494570721e-01 3.847656250000000000e-01 4.587945879458794618e-01 4.144385026737967825e-01 3.925925925925926041e-01 1.000000000000000056e-01 4.648275862068965703e-01 3.811475409836065364e-01 4.511718750000000000e-01 4.886524822695035297e-01 4.570429570429570543e-01 4.561111111111111338e-01 4.515655577299412804e-01 4.819214876033057759e-01 4.263157894736842035e-01 4.111111111111110938e-01 4.378349410503751260e-01 1.818181818181818232e-01 4.509001636661211232e-01 2.971014492753623060e-01 4.970238095238095344e-01 4.271117166212534122e-01 4.705093833780160661e-01 3.928571428571428492e-01 4.942775393419170382e-01 3.709677419354838745e-01 3.541436464088397740e-01 3.584905660377358250e-01 3.643578643578643805e-01 2.500000000000000000e-01 0.000000000000000000e+00 0.000000000000000000e+00 4.639639639639639435e-01 4.261083743842364324e-01 4.591160220994475183e-01 4.546370967741935609e-01 4.513888888888888951e-01 4.111675126903553412e-01
3.499999999999999778e-01 2.700000000000000178e-01 3.888888888888888951e-01 1.363636363636363535e-01 3.800000000000000044e-01 2.261904761904761918e-01 3.292682926829268442e-01 2.500000000000000000e-01 4.545454545454545581e-02 nan 2.500000000000000000e-01 2.187500000000000000e-01 4.099999999999999756e-01 4.042553191489361430e-01 2.250000000000000056e-01 3.555555555555555691e-01 3.265306122448979331e-01 3.214285714285714524e-01 2.205882352941176405e-01 3.750000000000000000e-01 3.777777777777777679e-01 1.388888888888888951e-01 2.321428571428571508e-01 3.709677419354838745e-01 3.599999999999999867e-01 2.656250000000000000e-01 3.048780487804877981e-01 1.428571428571428492e-01 2.608695652173912971e-01 1.000000000000000056e-01 2.500000000000000000e-01 2.682926829268292845e-01 1.666666666666666574e-01 1.499999999999999944e-01 1.666666666666666574e-01 0.000000000000000000e+00 2.083333333333333426e-01 2.096774193548387177e-01 1.714285714285714302e-01 3.636363636363636465e-01 1.666666666666666574e-01 2.638888888888888951e-01
4.622866216752679613e-01 4.686234817813765274e-01 4.481779460482726019e-01 4.004739336492891266e-01 4.652610441767068283e-01 4.223140495867768740e-01 4.404487917146144849e-01 4.041994750656168200e-01 3.662500000000000200e-01 2.916666666666666852e-01 4.440133037694013463e-01 4.145496535796766580e-01 4.831786542923434125e-01 4.784335981838819252e-01 4.793962625778629416e-01 4.696414017929910201e-01 4.708448117539026367e-01 4.679715302491103124e-01 4.591288782816229097e-01 3.701754385964912131e-01 4.490114464099895786e-01 3.809523809523809312e-01 4.429386590584878935e-01 4.390625000000000222e-01 4.743354720439963423e-01 4.300219538968166888e-01 4.544491525423728917e-01 3.850000000000000089e-01 4.567099567099567325e-01 2.916666666666666852e-01 4.561186650185414249e-01 3.455882352941176405e-01 4.614825581395348708e-01 1.250000000000000000e-01 4.639639639639639435e-01 2.083333333333333426e-01 0.000000000000000000e+00 4.352941176470588314e-01 3.649617590822179514e-01 4.324324324324324564e-01 3.268342739866598179e-01 4.207994078460399745e-01
4.583144540099682862e-01 4.375000000000000000e-01 4.332925336597307497e-01 3.790613718411552369e-01 4.665418811417875733e-01 4.217749313815187806e-01 4.554973821989528604e-01 3.449781659388646560e-01 3.684210526315789269e-01 3.088235294117647189e-01 4.353995519044062679e-01 4.307282415630550587e-01 4.716939407341884105e-01 4.400123685837971643e-01 4.599156118143459815e-01 4.778571428571428692e-01 4.668815943728018558e-01 4.666473317865429404e-01 4.615082482325216229e-01 4.022988505747126520e-01 4.454322501532801959e-01 3.841059602649006810e-01 4.253731343283582156e-01 4.099848714069591615e-01 4.673256452498626978e-01 4.464760638297872175e-01 4.607093184979137446e-01 3.121387283236994326e-01 4.571843251088534288e-01 3.125000000000000000e-01 4.019784172661870492e-01 3.278688524590163689e-01 4.111721611721611547e-01 3.076923076923077094e-01 4.261083743842364324e-01 2.096774193548387177e-01 4.352941176470588314e-01 0.000000000000000000e+00 4.625314861460957383e-01 2.263183593750000000e-01 4.552760307477288770e-01 3.133732534930139813e-01
