0.000000000000000000e+00 4.995404411764705621e-01 3.237831176833025348e-01 4.236276849642005016e-01 2.334233791748526465e-01 4.583736689254598318e-01 4.744463373083475100e-01 5.150784077201447930e-01 4.102244389027431271e-01 3.484848484848485084e-01 4.725382502942330198e-01 4.889988998899890138e-01 4.900023523876734788e-01 4.922566371681416086e-01 4.762521588946459494e-01 4.869827349958892881e-01 4.831669044222539067e-01 5.149047326367547361e-01
4.995404411764705621e-01 0.000000000000000000e+00 4.719764011799409964e-01 4.918533604887983524e-01 5.041533546325878135e-01 4.351851851851851749e-01 4.687341128622267150e-01 4.326484018264840081e-01 4.233576642335766249e-01 2.727272727272727071e-01 4.768181818181818077e-01 4.578441835645677971e-01 4.786056253740275102e-01 4.833396440742143141e-01 4.613328581610833812e-01 4.543831168831168887e-01 4.688478941872606942e-01 4.822957198443579840e-01
3.237831176833025348e-01 4.719764011799409964e-01 0.000000000000000000e+00 4.672131147540983798e-01 3.292046936114732536e-01 4.804322429906541791e-01 4.630738522954092051e-01 4.795486600846262104e-01 4.254278728606357141e-01 3.437500000000000000e-01 4.728427507665352580e-01 4.228316326530612290e-01 4.873437500000000200e-01 4.797468354430379778e-01 4.908272758740048203e-01 4.761414349467902318e-01 4.644837144837145049e-01 5.193857965451055270e-01
4.236276849642005016e-01 4.918533604887983524e-01 4.672131147540983798e-01 0.000000000000000000e+00 4.434210526315789380e-01 4.516129032258064391e-01 4.597069597069596836e-01 4.622950819672131395e-01 4.020618556701031077e-01 2.941176470588235392e-01 4.395886889460154379e-01 4.375000000000000000e-01 4.614457831325300963e-01 4.620418848167539005e-01 4.697452229299363125e-01 5.104384133611691299e-01 4.123287671232876983e-01 4.358490566037735992e-01
2.334233791748526465e-01 5.041533546325878135e-01 3.292046936114732536e-01 4.434210526315789380e-01 0.000000000000000000e+00 4.567110655737705027e-01 4.748185117967332336e-01 4.747793190416141340e-01 4.151436031331592891e-01 3.958333333333333148e-01 4.912427022518765507e-01 4.580022701475595648e-01 4.898354307841238930e-01 4.784413925263494294e-01 4.781532187591028271e-01 4.853700516351118766e-01 4.736311239193083389e-01 5.067463968107942529e-01
4.583736689254598318e-01 4.351851851851851749e-01 4.804322429906541791e-01 4.516129032258064391e-01 4.567110655737705027e-01 0.000000000000000000e+00 4.721815519765739655e-01 4.269051321928460374e-01 3.251748251748251550e-01 3.250000000000000111e-01 4.512566641279512347e-01 4.171732522796352538e-01 4.605200945626477527e-01 4.689532820816085246e-01 4.981818181818181701e-01 4.371713985278654069e-01 4.803865832859579577e-01 4.589506172839505904e-01
4.744463373083475100e-01 4.687341128622267150e-01 4.630738522954092051e-01 4.597069597069596836e-01 4.748185117967332336e-01 4.721815519765739655e-01 0.000000000000000000e+00 4.313725490196078649e-01 4.515789473684210797e-01 3.918918918918918859e-01 3.276112185686653744e-01 4.609004739336493017e-01 4.924211388775092124e-01 4.878401852924145743e-01 4.901136925358378638e-01 4.394891122278056783e-01 5.000000000000000000e-01 5.004490345756623659e-01
5.150784077201447930e-01 4.326484018264840081e-01 4.795486600846262104e-01 4.622950819672131395e-01 4.747793190416141340e-01 4.269051321928460374e-01 4.313725490196078649e-01 0.000000000000000000e+00 3.800000000000000044e-01 4.883720930232557933e-01 4.633821571238349035e-01 2.716857610474631701e-01 4.883449883449883511e-01 4.247512437810945229e-01 4.942196531791907543e-01 4.568047337278106634e-01 4.513108614232209659e-01 4.584615384615384759e-01
4.102244389027431271e-01 4.233576642335766249e-01 4.254278728606357141e-01 4.020618556701031077e-01 4.151436031331592891e-01 3.251748251748251550e-01 4.515789473684210797e-01 3.800000000000000044e-01 0.000000000000000000e+00 2.272727272727272652e-01 4.183222958057395413e-01 4.217391304347826164e-01 4.925742574257425677e-01 3.935185185185185452e-01 3.951807228915662495e-01 4.637681159420289911e-01 4.798578199052132565e-01 4.460431654676259017e-01
3.484848484848485084e-01 2.727272727272727071e-01 3.437500000000000000e-01 2.941176470588235392e-01 3.958333333333333148e-01 3.250000000000000111e-01 3.918918918918918859e-01 4.883720930232557933e-01 2.272727272727272652e-01 0.000000000000000000e+00 4.375000000000000000e-01 4.714285714285714191e-01 2.884615384615384359e-01 3.552631578947368363e-01 5.333333333333333259e-01 4.880952380952380820e-01 3.571428571428571508e-01 4.090909090909091161e-01
4.725382502942330198e-01 4.768181818181818077e-01 4.728427507665352580e-01 4.395886889460154379e-01 4.912427022518765507e-01 4.512566641279512347e-01 3.276112185686653744e-01 4.633821571238349035e-01 4.183222958057395413e-01 4.375000000000000000e-01 0.000000000000000000e+00 4.347826086956521618e-01 4.859453215248363267e-01 5.007796257796257589e-01 4.644646924829157197e-01 4.780632411067193832e-01 4.997782705099778067e-01 4.689689689689689467e-01
4.889988998899890138e-01 4.578441835645677971e-01 4.228316326530612290e-01 4.375000000000000000e-01 4.580022701475595648e-01 4.171732522796352538e-01 4.609004739336493017e-01 2.716857610474631701e-01 4.217391304347826164e-01 4.714285714285714191e-01 4.347826086956521618e-01 0.000000000000000000e+00 4.472551130247577889e-01 4.365452408930669548e-01 4.905405405405405261e-01 4.664502164502164483e-01 4.653846153846153966e-01 4.381355932203389592e-01
4.900023523876734788e-01 4.786056253740275102e-01 4.873437500000000200e-01 4.614457831325300963e-01 4.898354307841238930e-01 4.605200945626477527e-01 4.924211388775092124e-01 4.883449883449883511e-01 4.925742574257425677e-01 2.884615384615384359e-01 4.859453215248363267e-01 4.472551130247577889e-01 0.000000000000000000e+00 4.624851720047449821e-01 4.945070035704476896e-01 4.911046202867764277e-01 4.806599945902082505e-01 4.577361801696402388e-01
4.922566371681416086e-01 4.833396440742143141e-01 4.797468354430379778e-01 4.620418848167539005e-01 4.784413925263494294e-01 4.689532820816085246e-01 4.878401852924145743e-01 4.247512437810945229e-01 3.935185185185185452e-01 3.552631578947368363e-01 5.007796257796257589e-01 4.365452408930669548e-01 4.624851720047449821e-01 0.000000000000000000e+00 5.069107209562944139e-01 4.922118380062305287e-01 5.372359470103831303e-01 4.603237268061586840e-01
4.762521588946459494e-01 4.613328581610833812e-01 4.908272758740048203e-01 4.697452229299363125e-01 4.781532187591028271e-01 4.981818181818181701e-01 4.901136925358378638e-01 4.942196531791907543e-01 3.951807228915662495e-01 5.333333333333333259e-01 4.644646924829157197e-01 4.905405405405405261e-01 4.945070035704476896e-01 5.069107209562944139e-01 0.000000000000000000e+00 4.480731548007838017e-01 5.110062893081761537e-01 4.544881889763779381e-01
4.869827349958892881e-01 4.543831168831168887e-01 4.761414349467902318e-01 5.104384133611691299e-01 4.853700516351118766e-01 4.371713985278654069e-01 4.394891122278056783e-01 4.568047337278106634e-01 4.637681159420289911e-01 4.880952380952380820e-01 4.780632411067193832e-01 4.664502164502164483e-01 4.911046202867764277e-01 4.922118380062305287e-01 4.480731548007838017e-01 0.000000000000000000e+00 4.325259515570934465e-01 4.940252645954250621e-01
4.831669044222539067e-01 4.688478941872606942e-01 4.644837144837145049e-01 4.123287671232876983e-01 4.736311239193083389e-01 4.803865832859579577e-01 5.000000000000000000e-01 4.513108614232209659e-01 4.798578199052132565e-01 3.571428571428571508e-01 4.997782705099778067e-01 4.653846153846153966e-01 4.806599945902082505e-01 5.372359470103831303e-01 5.110062893081761537e-01 4.325259515570934465e-01 0.000000000000000000e+00 5.198735320686540540e-01
5.149047326367547361e-01 4.822957198443579840e-01 5.193857965451055270e-01 4.358490566037735992e-01 5.067463968107942529e-01 4.589506172839505904e-01 5.004490345756623659e-01 4.584615384615384759e-01 4.460431654676259017e-01 4.090909090909091161e-01 4.689689689689689467e-01 4.381355932203389592e-01 4.577361801696402388e-01 4.603237268061586840e-01 4.544881889763779381e-01 4.940252645954250621e-01 5.198735320686540540e-01 0.000000000000000000e+00
