0.000000000000000000e+00 4.479715082068752019e-01 3.237831176833025348e-01 4.236276849642005016e-01 2.334233791748526465e-01 4.583736689254598318e-01 4.325730292116846676e-01 4.195183776932826514e-01 4.102244389027431271e-01 1.931818181818181768e-01 4.659944642151047645e-01 4.117977528089887818e-01 4.679214015151514916e-01 4.583333333333333148e-01 4.621787383177570208e-01 4.591471801925722240e-01 4.766526019690576765e-01 4.636614535418583372e-01
4.479715082068752019e-01 0.000000000000000000e+00 4.520573801434503713e-01 4.342105263157894912e-01 4.511800840607824159e-01 4.351851851851851749e-01 4.383391347588264653e-01 4.326484018264840081e-01 4.051094890510948954e-01 2.727272727272727071e-01 4.399269072635906830e-01 4.286649214659685736e-01 4.458445844584458251e-01 4.590003904724717088e-01 4.613328581610833812e-01 4.420242384539797009e-01 4.628158844765343227e-01 4.598765432098765316e-01
3.237831176833025348e-01 4.520573801434503713e-01 0.000000000000000000e+00 4.211409395973154113e-01 3.292046936114732536e-01 4.504036908881199341e-01 4.394790602655770928e-01 4.333333333333333481e-01 4.254278728606357141e-01 1.818181818181818232e-01 4.552547039926571615e-01 4.063694267515923775e-01 4.255285579047017874e-01 4.387264717661193414e-01 4.734679904142417017e-01 4.386025596679349881e-01 4.411556185749734293e-01 4.400308522946393963e-01
4.236276849642005016e-01 4.342105263157894912e-01 4.211409395973154113e-01 0.000000000000000000e+00 4.169096209912536710e-01 3.973607038123166957e-01 4.003984063745019695e-01 3.750000000000000000e-01 3.050847457627118842e-01 1.923076923076923184e-01 3.876404494382022503e-01 3.802816901408450634e-01 4.564606741573033477e-01 4.321192052980132314e-01 4.468390804597701105e-01 4.325581395348837010e-01 4.123287671232876983e-01 3.879870129870129913e-01
2.334233791748526465e-01 4.511800840607824159e-01 3.292046936114732536e-01 4.169096209912536710e-01 0.000000000000000000e+00 4.567110655737705027e-01 4.453800637232590010e-01 4.257294429708222694e-01 4.097938144329896781e-01 2.613636363636363535e-01 4.676863420939250116e-01 4.255065554231227676e-01 4.504670599803343167e-01 4.508064516129032251e-01 4.539093398235473087e-01 4.651196310175843007e-01 4.694193912063134300e-01 4.638665843113032872e-01
4.583736689254598318e-01 4.351851851851851749e-01 4.504036908881199341e-01 3.973607038123166957e-01 4.567110655737705027e-01 0.000000000000000000e+00 4.427586206896551579e-01 3.971153846153845923e-01 3.251748251748251550e-01 6.250000000000000000e-02 4.299363057324840920e-01 4.171732522796352538e-01 4.342677622039632923e-01 4.521971496437054427e-01 4.673261390887289979e-01 4.371713985278654069e-01 4.466212379329926319e-01 4.589506172839505904e-01
4.325730292116846676e-01 4.383391347588264653e-01 4.394790602655770928e-01 4.003984063745019695e-01 4.453800637232590010e-01 4.427586206896551579e-01 0.000000000000000000e+00 4.313725490196078649e-01 3.825431034482758563e-01 2.857142857142856984e-01 3.276112185686653744e-01 4.029535864978903148e-01 4.480467176802255258e-01 4.506811989100817373e-01 4.522323571771483253e-01 4.394891122278056783e-01 4.479073909171861212e-01 4.615384615384615641e-01
4.195183776932826514e-01 4.326484018264840081e-01 4.333333333333333481e-01 3.750000000000000000e-01 4.257294429708222694e-01 3.971153846153845923e-01 4.313725490196078649e-01 0.000000000000000000e+00 3.045454545454545636e-01 1.499999999999999944e-01 4.074650077760497702e-01 2.716857610474631701e-01 4.409090909090909172e-01 4.247512437810945229e-01 4.275477707006369310e-01 4.448648648648648729e-01 4.513108614232209659e-01 4.201331114808652401e-01
4.102244389027431271e-01 4.051094890510948954e-01 4.254278728606357141e-01 3.050847457627118842e-01 4.097938144329896781e-01 3.251748251748251550e-01 3.825431034482758563e-01 3.045454545454545636e-01 0.000000000000000000e+00 0.000000000000000000e+00 3.894117647058823461e-01 3.323353293413173759e-01 4.050632911392405000e-01 3.731343283582089776e-01 3.951807228915662495e-01 4.177927927927927998e-01 4.436170212765957466e-01 4.079903147699757704e-01
1.931818181818181768e-01 2.727272727272727071e-01 1.818181818181818232e-01 1.923076923076923184e-01 2.613636363636363535e-01 6.250000000000000000e-02 2.857142857142856984e-01 1.499999999999999944e-01 0.000000000000000000e+00 0.000000000000000000e+00 3.382352941176470784e-01 2.857142857142856984e-01 1.250000000000000000e-01 3.048780487804877981e-01 2.500000000000000000e-01 2.159090909090909116e-01 1.363636363636363535e-01 1.000000000000000056e-01
4.659944642151047645e-01 4.399269072635906830e-01 4.552547039926571615e-01 3.876404494382022503e-01 4.676863420939250116e-01 4.299363057324840920e-01 3.276112185686653744e-01 4.074650077760497702e-01 3.894117647058823461e-01 3.382352941176470784e-01 0.000000000000000000e+00 4.040902679830747357e-01 4.635596471039509225e-01 4.571045576407506972e-01 4.535765040265277159e-01 4.688408807644370846e-01 4.240093240093240068e-01 4.283944499504460102e-01
4.117977528089887818e-01 4.286649214659685736e-01 4.063694267515923775e-01 3.802816901408450634e-01 4.255065554231227676e-01 4.171732522796352538e-01 4.029535864978903148e-01 2.716857610474631701e-01 3.323353293413173759e-01 2.857142857142856984e-01 4.040902679830747357e-01 0.000000000000000000e+00 4.472551130247577889e-01 4.365452408930669548e-01 4.317042606516290904e-01 4.535024154589372136e-01 4.452736318407960470e-01 4.372881355932203284e-01
4.679214015151514916e-01 4.458445844584458251e-01 4.255285579047017874e-01 4.564606741573033477e-01 4.504670599803343167e-01 4.342677622039632923e-01 4.480467176802255258e-01 4.409090909090909172e-01 4.050632911392405000e-01 1.250000000000000000e-01 4.635596471039509225e-01 4.472551130247577889e-01 0.000000000000000000e+00 4.282511210762331988e-01 4.469342864998624987e-01 4.628548686654285205e-01 4.113669064748201598e-01 4.248437500000000200e-01
4.583333333333333148e-01 4.590003904724717088e-01 4.387264717661193414e-01 4.321192052980132314e-01 4.508064516129032251e-01 4.521971496437054427e-01 4.506811989100817373e-01 4.247512437810945229e-01 3.731343283582089776e-01 3.048780487804877981e-01 4.571045576407506972e-01 4.365452408930669548e-01 4.282511210762331988e-01 0.000000000000000000e+00 3.934707903780068627e-01 4.352961314618281619e-01 4.475409836065573632e-01 4.574468085106382920e-01
4.621787383177570208e-01 4.613328581610833812e-01 4.734679904142417017e-01 4.468390804597701105e-01 4.539093398235473087e-01 4.673261390887289979e-01 4.522323571771483253e-01 4.275477707006369310e-01 3.951807228915662495e-01 2.500000000000000000e-01 4.535765040265277159e-01 4.317042606516290904e-01 4.469342864998624987e-01 3.934707903780068627e-01 0.000000000000000000e+00 4.156683480453972068e-01 4.423269809428284627e-01 4.129193433261955648e-01
4.591471801925722240e-01 4.420242384539797009e-01 4.386025596679349881e-01 4.325581395348837010e-01 4.651196310175843007e-01 4.371713985278654069e-01 4.394891122278056783e-01 4.448648648648648729e-01 4.177927927927927998e-01 2.159090909090909116e-01 4.688408807644370846e-01 4.535024154589372136e-01 4.628548686654285205e-01 4.352961314618281619e-01 4.156683480453972068e-01 0.000000000000000000e+00 3.941823899371069140e-01 3.931285100759828177e-01
4.766526019690576765e-01 4.628158844765343227e-01 4.411556185749734293e-01 4.123287671232876983e-01 4.694193912063134300e-01 4.466212379329926319e-01 4.479073909171861212e-01 4.513108614232209659e-01 4.436170212765957466e-01 1.363636363636363535e-01 4.240093240093240068e-01 4.452736318407960470e-01 4.113669064748201598e-01 4.475409836065573632e-01 4.423269809428284627e-01 3.941823899371069140e-01 0.000000000000000000e+00 3.941514172945819738e-01
4.636614535418583372e-01 4.598765432098765316e-01 4.400308522946393963e-01 3.879870129870129913e-01 4.638665843113032872e-01 4.589506172839505904e-01 4.615384615384615641e-01 4.201331114808652401e-01 4.079903147699757704e-01 1.000000000000000056e-01 4.283944499504460102e-01 4.372881355932203284e-01 4.248437500000000200e-01 4.574468085106382920e-01 4.129193433261955648e-01 3.931285100759828177e-01 3.941514172945819738e-01 0.000000000000000000e+00
