0.000000000000000000e+00 4.995404411764705621e-01 3.237831176833025348e-01 4.236276849642005016e-01 2.334233791748526465e-01 4.583736689254598318e-01 4.744463373083475100e-01 4.895191122071516632e-01 4.102244389027431271e-01 3.484848484848485084e-01 4.678935003915427049e-01 4.596238938053097134e-01 4.765274828969096599e-01 4.809705042816365128e-01 4.701039861351819504e-01 4.869827349958892881e-01 4.810888252148997069e-01 4.907947223074562992e-01
4.995404411764705621e-01 0.000000000000000000e+00 4.719764011799409964e-01 4.835728952772073708e-01 5.036811779769526654e-01 4.351851851851851749e-01 4.577789150460593870e-01 4.326484018264840081e-01 4.233576642335766249e-01 2.727272727272727071e-01 4.598092643051771011e-01 4.578441835645677971e-01 4.786056253740275102e-01 4.786711966779916838e-01 4.613328581610833812e-01 4.543831168831168887e-01 4.688478941872606942e-01 4.776177500973141088e-01
3.237831176833025348e-01 4.719764011799409964e-01 0.000000000000000000e+00 4.484679665738161569e-01 3.292046936114732536e-01 4.747386759581881388e-01 4.630738522954092051e-01 4.795486600846262104e-01 4.254278728606357141e-01 2.656250000000000000e-01 4.728427507665352580e-01 4.063694267515923775e-01 4.873437500000000200e-01 4.781236853176272783e-01 4.908272758740048203e-01 4.648008241758241899e-01 4.644837144837145049e-01 4.963306295867130347e-01
4.236276849642005016e-01 4.835728952772073708e-01 4.484679665738161569e-01 0.000000000000000000e+00 4.331619537275064324e-01 4.488491048593350463e-01 4.505119453924914530e-01 4.455128205128205399e-01 4.020618556701031077e-01 2.941176470588235392e-01 4.395886889460154379e-01 4.058641975308642236e-01 4.614457831325300963e-01 4.601648351648351398e-01 4.697452229299363125e-01 4.917864476386036854e-01 4.123287671232876983e-01 4.358490566037735992e-01
2.334233791748526465e-01 5.036811779769526654e-01 3.292046936114732536e-01 4.331619537275064324e-01 0.000000000000000000e+00 4.567110655737705027e-01 4.675736961451247287e-01 4.747793190416141340e-01 4.097938144329896781e-01 3.461538461538461453e-01 4.685809404910528664e-01 4.580022701475595648e-01 4.888592879631872279e-01 4.742847958855673229e-01 4.717423133235724708e-01 4.853700516351118766e-01 4.736311239193083389e-01 4.932783379162847814e-01
4.583736689254598318e-01 4.351851851851851749e-01 4.747386759581881388e-01 4.488491048593350463e-01 4.567110655737705027e-01 0.000000000000000000e+00 4.693654266958424692e-01 4.269051321928460374e-01 3.251748251748251550e-01 2.564102564102563875e-01 4.508009153318077722e-01 4.171732522796352538e-01 4.605200945626477527e-01 4.689532820816085246e-01 4.796969696969696773e-01 4.371713985278654069e-01 4.803865832859579577e-01 4.589506172839505904e-01
4.744463373083475100e-01 4.577789150460593870e-01 4.630738522954092051e-01 4.505119453924914530e-01 4.675736961451247287e-01 4.693654266958424692e-01 0.000000000000000000e+00 4.313725490196078649e-01 3.825431034482758563e-01 3.333333333333333148e-01 3.276112185686653744e-01 4.582392776523702138e-01 4.924211388775092124e-01 4.878401852924145743e-01 4.901136925358378638e-01 4.394891122278056783e-01 4.862302483069977366e-01 4.979802513464990921e-01
4.895191122071516632e-01 4.326484018264840081e-01 4.795486600846262104e-01 4.455128205128205399e-01 4.747793190416141340e-01 4.269051321928460374e-01 4.313725490196078649e-01 0.000000000000000000e+00 3.800000000000000044e-01 4.078947368421052544e-01 4.616419919246299020e-01 2.716857610474631701e-01 4.642857142857143016e-01 4.247512437810945229e-01 4.861717612809315914e-01 4.568047337278106634e-01 4.513108614232209659e-01 4.496124031007752153e-01
4.102244389027431271e-01 4.233576642335766249e-01 4.254278728606357141e-01 4.020618556701031077e-01 4.097938144329896781e-01 3.251748251748251550e-01 3.825431034482758563e-01 3.800000000000000044e-01 0.000000000000000000e+00 5.555555555555555247e-02 3.967889908256880815e-01 4.217391304347826164e-01 4.850746268656716542e-01 3.883495145631067902e-01 3.951807228915662495e-01 4.637681159420289911e-01 4.798578199052132565e-01 4.460431654676259017e-01
3.484848484848485084e-01 2.727272727272727071e-01 2.656250000000000000e-01 2.941176470588235392e-01 3.461538461538461453e-01 2.564102564102563875e-01 3.333333333333333148e-01 4.078947368421052544e-01 5.555555555555555247e-02 0.000000000000000000e+00 4.249999999999999889e-01 3.906250000000000000e-01 2.884615384615384359e-01 3.552631578947368363e-01 4.722222222222222099e-01 4.761904761904761640e-01 3.571428571428571508e-01 3.181818181818181768e-01
4.678935003915427049e-01 4.598092643051771011e-01 4.728427507665352580e-01 4.395886889460154379e-01 4.685809404910528664e-01 4.508009153318077722e-01 3.276112185686653744e-01 4.616419919246299020e-01 3.967889908256880815e-01 4.249999999999999889e-01 0.000000000000000000e+00 4.215304798962386523e-01 4.859453215248363267e-01 5.007796257796257589e-01 4.644646924829157197e-01 4.780632411067193832e-01 4.997782705099778067e-01 4.658634538152610638e-01
4.596238938053097134e-01 4.578441835645677971e-01 4.063694267515923775e-01 4.058641975308642236e-01 4.580022701475595648e-01 4.171732522796352538e-01 4.582392776523702138e-01 2.716857610474631701e-01 4.217391304347826164e-01 3.906250000000000000e-01 4.215304798962386523e-01 0.000000000000000000e+00 4.472551130247577889e-01 4.365452408930669548e-01 4.837837837837837829e-01 4.664502164502164483e-01 4.652509652509652649e-01 4.372881355932203284e-01
4.765274828969096599e-01 4.786056253740275102e-01 4.873437500000000200e-01 4.614457831325300963e-01 4.888592879631872279e-01 4.605200945626477527e-01 4.924211388775092124e-01 4.642857142857143016e-01 4.850746268656716542e-01 2.884615384615384359e-01 4.859453215248363267e-01 4.472551130247577889e-01 0.000000000000000000e+00 4.577173270254287218e-01 4.608193566125928231e-01 4.911046202867764277e-01 4.806599945902082505e-01 4.530564492541678812e-01
4.809705042816365128e-01 4.786711966779916838e-01 4.781236853176272783e-01 4.601648351648351398e-01 4.742847958855673229e-01 4.689532820816085246e-01 4.878401852924145743e-01 4.247512437810945229e-01 3.883495145631067902e-01 3.552631578947368363e-01 5.007796257796257589e-01 4.365452408930669548e-01 4.577173270254287218e-01 0.000000000000000000e+00 4.941816816816816949e-01 4.765571526351813914e-01 5.319913731128684820e-01 4.574468085106382920e-01
4.701039861351819504e-01 4.613328581610833812e-01 4.908272758740048203e-01 4.697452229299363125e-01 4.717423133235724708e-01 4.796969696969696773e-01 4.901136925358378638e-01 4.861717612809315914e-01 3.951807228915662495e-01 4.722222222222222099e-01 4.644646924829157197e-01 4.837837837837837829e-01 4.608193566125928231e-01 4.941816816816816949e-01 0.000000000000000000e+00 4.480222294867604038e-01 4.850057670126874387e-01 4.504262709188506242e-01
4.869827349958892881e-01 4.543831168831168887e-01 4.648008241758241899e-01 4.917864476386036854e-01 4.853700516351118766e-01 4.371713985278654069e-01 4.394891122278056783e-01 4.568047337278106634e-01 4.637681159420289911e-01 4.761904761904761640e-01 4.780632411067193832e-01 4.664502164502164483e-01 4.911046202867764277e-01 4.765571526351813914e-01 4.480222294867604038e-01 0.000000000000000000e+00 4.096480201131363907e-01 4.940252645954250621e-01
4.810888252148997069e-01 4.688478941872606942e-01 4.644837144837145049e-01 4.123287671232876983e-01 4.736311239193083389e-01 4.803865832859579577e-01 4.862302483069977366e-01 4.513108614232209659e-01 4.798578199052132565e-01 3.571428571428571508e-01 4.997782705099778067e-01 4.652509652509652649e-01 4.806599945902082505e-01 5.319913731128684820e-01 4.850057670126874387e-01 4.096480201131363907e-01 0.000000000000000000e+00 5.071668191521805369e-01
4.907947223074562992e-01 4.776177500973141088e-01 4.963306295867130347e-01 4.358490566037735992e-01 4.932783379162847814e-01 4.589506172839505904e-01 4.979802513464990921e-01 4.496124031007752153e-01 4.460431654676259017e-01 3.181818181818181768e-01 4.658634538152610638e-01 4.372881355932203284e-01 4.530564492541678812e-01 4.574468085106382920e-01 4.504262709188506242e-01 4.940252645954250621e-01 5.071668191521805369e-01 0.000000000000000000e+00
