0.000000000000000000e+00 4.799999999999999822e-01 3.237831176833025348e-01 4.236276849642005016e-01 2.334233791748526465e-01 4.583736689254598318e-01 4.656569965870306915e-01 4.431960049937577750e-01 4.102244389027431271e-01 3.484848484848485084e-01 4.678935003915427049e-01 4.168526785714285476e-01 4.679214015151514916e-01 4.742284441616290147e-01 4.701039861351819504e-01 4.869827349958892881e-01 4.769208715596330306e-01 4.720858895705521419e-01 4.598337950138504104e-01 4.617706237424547555e-01 4.731501717140181307e-01 4.646464646464646409e-01 4.729663906478324131e-01 4.514811031664964225e-01 4.789366647298082258e-01 4.749582637729549139e-01 4.732289950576606397e-01 4.575707154742096328e-01 4.687230371009490915e-01 3.947368421052631637e-01 4.845830413454800256e-01 4.761092150170648241e-01 4.877450980392156743e-01 2.894736842105263275e-01 4.788177339901477647e-01 3.499999999999999778e-01 4.622866216752679613e-01 4.583144540099682862e-01 4.920907840440165160e-01 4.547432550043515875e-01 4.737365698368483646e-01 4.736358062538320035e-01
4.799999999999999822e-01 0.000000000000000000e+00 4.719764011799409964e-01 4.835728952772073708e-01 4.895799935876883890e-01 4.351851851851851749e-01 4.548949256791389173e-01 4.326484018264840081e-01 4.051094890510948954e-01 2.727272727272727071e-01 4.399269072635906830e-01 4.539544962080173107e-01 4.786056253740275102e-01 4.755086661642803358e-01 4.613328581610833812e-01 4.543831168831168887e-01 4.688478941872606942e-01 4.767940717628705305e-01 4.494694290045477270e-01 4.292682926829268220e-01 4.754826254826254872e-01 3.879310344827586188e-01 4.683143219264892521e-01 4.086845466155811235e-01 4.427973491454482158e-01 4.504482071713147295e-01 4.491657977059436702e-01 4.422413793103448509e-01 4.567360350492880583e-01 4.414225941422594279e-01 4.719202898550724501e-01 4.003831417624520994e-01 4.574795081967212851e-01 3.428571428571428603e-01 4.495586380832282680e-01 2.700000000000000178e-01 4.737771053958648726e-01 4.375000000000000000e-01 4.718369062631357913e-01 4.598416289592759942e-01 4.694430754066042377e-01 4.280769230769230771e-01
3.237831176833025348e-01 4.719764011799409964e-01 0.000000000000000000e+00 4.410256410256410131e-01 3.292046936114732536e-01 4.747386759581881388e-01 4.630738522954092051e-01 4.795486600846262104e-01 4.254278728606357141e-01 2.656250000000000000e-01 4.724076546506453256e-01 4.063694267515923775e-01 4.873437500000000200e-01 4.781236853176272783e-01 4.908272758740048203e-01 4.578748280605227094e-01 4.644837144837145049e-01 4.672067901234567833e-01 4.656839052682455460e-01 4.203947368421052655e-01 4.554702495201535251e-01 3.716216216216216006e-01 4.750145264381173682e-01 3.975903614457831359e-01 4.608150470219435912e-01 4.912461380020597401e-01 4.593358999037536194e-01 4.387159533073929918e-01 4.744303797468354400e-01 3.556701030927835183e-01 4.904434250764526104e-01 4.655870445344129638e-01 4.874213836477987449e-01 1.956521739130434867e-01 4.857293868921775948e-01 4.032258064516128782e-01 4.481779460482726019e-01 4.332925336597307497e-01 4.618951612903225978e-01 4.296144859813084138e-01 4.363131079203335094e-01 4.418876755070202944e-01
4.236276849642005016e-01 4.835728952772073708e-01 4.410256410256410131e-01 0.000000000000000000e+00 4.331619537275064324e-01 4.315245478036175975e-01 4.505119453924914530e-01 4.285714285714285476e-01 4.020618556701031077e-01 2.941176470588235392e-01 4.395886889460154379e-01 4.058641975308642236e-01 4.614457831325300963e-01 4.491758241758241899e-01 4.659442724458204288e-01 4.743326488706365307e-01 4.123287671232876983e-01 4.358490566037735992e-01 3.658536585365853577e-01 3.529411764705882582e-01 4.184615384615384404e-01 2.656250000000000000e-01 3.504672897196261516e-01 3.970588235294117418e-01 4.648910411622276251e-01 3.858695652173912971e-01 4.308943089430894435e-01 3.274111675126903376e-01 3.936651583710407132e-01 2.288135593220338992e-01 3.033707865168539519e-01 2.666666666666666630e-01 3.681318681318681563e-01 2.000000000000000111e-01 3.591549295774648098e-01 2.586206896551724310e-01 4.004739336492891266e-01 3.790613718411552369e-01 4.197324414715719043e-01 3.692307692307692513e-01 4.512195121951219634e-01 4.092920353982301140e-01
2.334233791748526465e-01 4.895799935876883890e-01 3.292046936114732536e-01 4.331619537275064324e-01 0.000000000000000000e+00 4.567110655737705027e-01 4.669234254644313298e-01 4.503968253968254065e-01 4.097938144329896781e-01 3.214285714285714524e-01 4.683728672492717404e-01 4.448398576512455627e-01 4.812121212121212022e-01 4.724282489519509576e-01 4.717423133235724708e-01 4.853700516351118766e-01 4.736311239193083389e-01 4.855050350930729119e-01 4.613884555382215535e-01 4.358600583090379010e-01 4.750535659626568541e-01 4.874999999999999889e-01 4.744141559062649560e-01 4.693775100401606504e-01 4.833790789874962135e-01 4.685160722148833390e-01 4.702146298729741325e-01 4.485559566787003516e-01 4.742765273311896901e-01 3.691860465116278966e-01 4.918899858956276572e-01 4.795918367346938549e-01 4.506329113924050778e-01 3.157894736842105088e-01 4.540967423494570721e-01 3.800000000000000044e-01 4.786585365853658347e-01 4.665418811417875733e-01 4.882459312839059762e-01 4.772727272727272929e-01 4.818258664412510828e-01 4.685714285714285832e-01
4.583736689254598318e-01 4.351851851851851749e-01 4.747386759581881388e-01 4.315245478036175975e-01 4.567110655737705027e-01 0.000000000000000000e+00 4.653537563822027767e-01 4.269051321928460374e-01 3.251748251748251550e-01 2.560975609756097615e-01 4.488188976377952555e-01 4.171732522796352538e-01 4.605200945626477527e-01 4.689532820816085246e-01 4.698170731707316805e-01 4.371713985278654069e-01 4.803865832859579577e-01 4.589506172839505904e-01 4.219968798751950190e-01 3.761160714285714524e-01 4.580419580419580194e-01 3.488372093023255904e-01 4.202488687782805488e-01 3.980000000000000204e-01 4.569365652398143518e-01 4.648093841642228496e-01 4.465116279069767380e-01 3.991477272727272929e-01 4.262634631317315792e-01 3.914285714285714035e-01 4.315068493150684970e-01 3.418604651162790442e-01 4.295774647887323772e-01 3.333333333333333148e-01 3.847656250000000000e-01 2.261904761904761918e-01 4.223140495867768740e-01 4.283105022831050213e-01 4.519898926089703228e-01 4.310498220640569533e-01 4.577464788732394374e-01 3.880503144654088299e-01
4.656569965870306915e-01 4.548949256791389173e-01 4.630738522954092051e-01 4.505119453924914530e-01 4.669234254644313298e-01 4.653537563822027767e-01 0.000000000000000000e+00 4.313725490196078649e-01 3.825431034482758563e-01 3.333333333333333148e-01 3.276112185686653744e-01 4.517543859649122973e-01 4.863821138211382178e-01 4.878401852924145743e-01 4.793001478560867668e-01 4.394891122278056783e-01 4.853339350180505551e-01 4.690409683426443044e-01 4.782962561041779748e-01 4.116117850953206481e-01 4.845154845154845402e-01 3.290598290598290565e-01 4.668265387689848334e-01 4.308855291576673685e-01 4.740893728877206281e-01 4.609723461195361360e-01 4.695555555555555594e-01 4.166666666666666852e-01 4.687927107061503618e-01 4.684210526315789602e-01 4.773175542406311589e-01 4.015544041450777035e-01 4.803921568627451122e-01 1.428571428571428492e-01 4.632627646326276660e-01 3.414634146341463672e-01 4.404487917146144849e-01 4.554973821989528604e-01 4.374238114587565840e-01 4.439078751857354899e-01 4.379758172861621390e-01 4.412844036697247674e-01
4.431960049937577750e-01 4.326484018264840081e-01 4.795486600846262104e-01 4.285714285714285476e-01 4.503968253968254065e-01 4.269051321928460374e-01 4.313725490196078649e-01 0.000000000000000000e+00 3.800000000000000044e-01 3.375000000000000222e-01 4.492656875834445951e-01 2.716857610474631701e-01 4.642857142857143016e-01 4.247512437810945229e-01 4.720588235294117530e-01 4.568047337278106634e-01 4.513108614232209659e-01 4.496124031007752153e-01 4.419410745233968707e-01 4.254143646408840018e-01 4.468531468531468653e-01 3.051948051948051854e-01 3.828282828282828509e-01 4.024822695035460973e-01 4.580152671755725047e-01 3.909090909090909283e-01 4.331983805668015997e-01 3.725212464589235384e-01 4.310344827586206629e-01 3.588957055214723746e-01 3.918918918918918859e-01 3.587786259541984601e-01 3.733031674208144857e-01 1.499999999999999944e-01 4.144385026737967825e-01 2.500000000000000000e-01 4.041994750656168200e-01 3.449781659388646560e-01 4.871355060034305295e-01 3.415730337078651813e-01 4.456066945606694807e-01 3.593350383631713774e-01
4.102244389027431271e-01 4.051094890510948954e-01 4.254278728606357141e-01 4.020618556701031077e-01 4.097938144329896781e-01 3.251748251748251550e-01 3.825431034482758563e-01 3.800000000000000044e-01 0.000000000000000000e+00 0.000000000000000000e+00 3.894117647058823461e-01 4.007936507936508130e-01 4.595959595959596133e-01 3.731343283582089776e-01 3.951807228915662495e-01 4.637681159420289911e-01 4.798578199052132565e-01 4.460431654676259017e-01 4.122516556291390688e-01 2.644628099173553792e-01 4.088397790055248726e-01 2.142857142857142738e-01 3.964285714285714080e-01 2.346938775510204189e-01 4.597938144329896670e-01 4.042553191489361430e-01 4.436936936936937137e-01 2.063492063492063378e-01 4.367816091954023205e-01 2.083333333333333426e-01 3.802395209580838320e-01 1.749999999999999889e-01 3.722826086956521618e-01 0.000000000000000000e+00 3.925925925925926041e-01 4.545454545454545581e-02 3.662500000000000200e-01 4.156378600823045222e-01 4.299163179916318245e-01 4.074074074074073848e-01 3.861171366594360332e-01 3.755760368663594306e-01
3.484848484848485084e-01 2.727272727272727071e-01 2.656250000000000000e-01 2.941176470588235392e-01 3.214285714285714524e-01 2.560975609756097615e-01 3.333333333333333148e-01 3.375000000000000222e-01 0.000000000000000000e+00 0.000000000000000000e+00 3.648648648648648574e-01 3.387096774193548154e-01 2.884615384615384359e-01 3.552631578947368363e-01 4.000000000000000222e-01 3.863636363636363535e-01 3.571428571428571508e-01 3.181818181818181768e-01 2.352941176470588203e-01 1.250000000000000000e-01 2.916666666666666852e-01 0.000000000000000000e+00 2.500000000000000000e-01 7.142857142857142461e-02 2.674418604651162545e-01 3.714285714285714413e-01 3.593750000000000000e-01 3.611111111111111049e-01 4.285714285714285476e-01 2.031250000000000000e-01 2.222222222222222099e-01 1.153846153846153910e-01 1.250000000000000000e-01 0.000000000000000000e+00 1.000000000000000056e-01 7.142857142857142461e-02 4.230769230769230727e-01 3.088235294117647189e-01 3.333333333333333148e-01 2.727272727272727071e-01 2.794117647058823595e-01 3.648648648648648574e-01
4.678935003915427049e-01 4.399269072635906830e-01 4.724076546506453256e-01 4.395886889460154379e-01 4.683728672492717404e-01 4.488188976377952555e-01 3.276112185686653744e-01 4.492656875834445951e-01 3.894117647058823461e-01 3.648648648648648574e-01 0.000000000000000000e+00 4.052835051546391787e-01 4.746835443037974445e-01 4.932008368200836990e-01 4.644646924829157197e-01 4.780632411067193832e-01 4.997782705099778067e-01 4.612658227848101533e-01 4.614939200926462259e-01 4.250317662007623842e-01 4.542974079126875786e-01 3.519999999999999796e-01 4.515432098765432278e-01 4.366306027820711089e-01 4.654892407632967855e-01 4.350328947368420907e-01 4.586056644880174282e-01 4.200743494423792024e-01 4.623955431754874779e-01 4.278846153846153633e-01 4.814606741573033699e-01 4.182242990654205794e-01 4.734982332155476814e-01 2.631578947368420907e-01 4.782293178519593790e-01 2.500000000000000000e-01 4.440133037694013463e-01 4.353995519044062679e-01 4.311926605504587395e-01 4.257532281205165248e-01 4.337801608579088253e-01 3.994280266920877120e-01
4.168526785714285476e-01 4.539544962080173107e-01 4.063694267515923775e-01 4.058641975308642236e-01 4.448398576512455627e-01 4.171732522796352538e-01 4.517543859649122973e-01 2.716857610474631701e-01 4.007936507936508130e-01 3.387096774193548154e-01 4.052835051546391787e-01 0.000000000000000000e+00 4.472551130247577889e-01 4.365452408930669548e-01 4.809523809523809645e-01 4.664502164502164483e-01 4.652509652509652649e-01 4.372881355932203284e-01 3.929384965831435039e-01 4.117647058823529216e-01 4.521800281293952284e-01 3.098591549295774406e-01 4.012345679012345734e-01 4.011299435028248817e-01 4.370725034199726133e-01 4.052757793764987793e-01 4.088235294117646967e-01 4.340974212034384161e-01 4.135802469135802517e-01 4.160305343511450649e-01 4.255319148936170248e-01 4.146341463414633943e-01 3.431952662721893255e-01 2.500000000000000000e-01 3.811475409836065364e-01 2.187500000000000000e-01 4.403153153153153143e-01 4.315789473684210620e-01 4.338061465721040344e-01 4.102333931777378817e-01 4.409090909090909172e-01 3.861386138613861485e-01
4.679214015151514916e-01 4.786056253740275102e-01 4.873437500000000200e-01 4.614457831325300963e-01 4.812121212121212022e-01 4.605200945626477527e-01 4.863821138211382178e-01 4.642857142857143016e-01 4.595959595959596133e-01 2.884615384615384359e-01 4.746835443037974445e-01 4.472551130247577889e-01 0.000000000000000000e+00 4.577173270254287218e-01 4.479252541907117191e-01 4.911046202867764277e-01 4.806599945902082505e-01 4.406259140099444416e-01 4.702651515151515249e-01 4.670991658943466351e-01 4.708159618820726422e-01 4.650000000000000244e-01 4.663984855655466388e-01 4.752964426877470117e-01 4.519203812727782266e-01 4.427782162588792536e-01 4.390099009900990112e-01 4.285714285714285476e-01 4.200497100248550275e-01 4.222222222222222210e-01 4.825418994413407936e-01 4.657534246575342207e-01 4.671266233766233622e-01 2.368421052631578816e-01 4.511718750000000000e-01 4.099999999999999756e-01 4.831786542923434125e-01 4.716939407341884105e-01 4.478392977717758350e-01 4.639639639639639435e-01 4.581027667984189922e-01 4.820995145631067902e-01
4.742284441616290147e-01 4.755086661642803358e-01 4.781236853176272783e-01 4.491758241758241899e-01 4.724282489519509576e-01 4.689532820816085246e-01 4.878401852924145743e-01 4.247512437810945229e-01 3.731343283582089776e-01 3.552631578947368363e-01 4.932008368200836990e-01 4.365452408930669548e-01 4.577173270254287218e-01 0.000000000000000000e+00 4.834150018846588570e-01 4.757015742642026201e-01 5.019834114677245163e-01 4.574468085106382920e-01 4.812687312687312646e-01 4.662512980269989393e-01 4.780442804428044479e-01 4.458598726114649802e-01 4.913329348475791725e-01 4.878493317132442386e-01 4.692363373145131966e-01 4.717083786724700634e-01 5.050055617352614545e-01 4.160839160839160944e-01 4.943687018375815256e-01 3.636363636363636465e-01 5.077745383867833251e-01 5.075187969924812581e-01 4.797921478060045986e-01 3.599999999999999867e-01 4.886524822695035297e-01 4.042553191489361430e-01 4.784335981838819252e-01 4.400123685837971643e-01 4.718214607754733780e-01 4.612825166364186158e-01 4.667399670148433266e-01 4.835640138408304756e-01
4.701039861351819504e-01 4.613328581610833812e-01 4.908272758740048203e-01 4.659442724458204288e-01 4.717423133235724708e-01 4.698170731707316805e-01 4.793001478560867668e-01 4.720588235294117530e-01 3.951807228915662495e-01 4.000000000000000222e-01 4.644646924829157197e-01 4.809523809523809645e-01 4.479252541907117191e-01 4.834150018846588570e-01 0.000000000000000000e+00 4.480222294867604038e-01 4.617398894384637797e-01 4.504262709188506242e-01 4.743861134631667809e-01 4.474459724950883843e-01 4.809493057797868953e-01 3.978494623655913776e-01 4.405965621840242652e-01 4.681933842239185961e-01 4.862879529872674023e-01 4.813559322033898469e-01 4.516826923076923128e-01 4.424686192468619272e-01 4.551637279596977281e-01 3.297872340425531679e-01 4.698795180722891707e-01 4.095744680851063912e-01 4.812967581047381538e-01 3.026315789473684181e-01 4.759759759759759623e-01 2.959183673469387710e-01 4.793962625778629416e-01 4.599156118143459815e-01 4.771317829457364379e-01 4.792387543252595306e-01 4.788478847884788392e-01 4.564705882352941280e-01
4.869827349958892881e-01 4.543831168831168887e-01 4.578748280605227094e-01 4.743326488706365307e-01 4.853700516351118766e-01 4.371713985278654069e-01 4.394891122278056783e-01 4.568047337278106634e-01 4.637681159420289911e-01 3.863636363636363535e-01 4.780632411067193832e-01 4.664502164502164483e-01 4.911046202867764277e-01 4.757015742642026201e-01 4.480222294867604038e-01 0.000000000000000000e+00 3.941823899371069140e-01 4.901076015272474717e-01 4.186695278969956857e-01 4.304635761589403753e-01 4.221681723419041243e-01 3.666666666666666408e-01 4.314427312775330203e-01 4.471445929526123853e-01 4.809880239520958334e-01 4.940758293838862780e-01 4.669322709163346574e-01 4.430693069306930743e-01 4.782883642495784349e-01 3.924528301886792692e-01 4.678899082568807599e-01 4.302325581395348708e-01 4.672509225092251195e-01 3.194444444444444198e-01 4.561111111111111338e-01 3.555555555555555691e-01 4.696414017929910201e-01 4.778571428571428692e-01 4.526202440775304869e-01 4.723653395784543352e-01 4.624075595727197840e-01 4.669934640522875879e-01
4.769208715596330306e-01 4.688478941872606942e-01 4.644837144837145049e-01 4.123287671232876983e-01 4.736311239193083389e-01 4.803865832859579577e-01 4.853339350180505551e-01 4.513108614232209659e-01 4.798578199052132565e-01 3.571428571428571508e-01 4.997782705099778067e-01 4.652509652509652649e-01 4.806599945902082505e-01 5.019834114677245163e-01 4.617398894384637797e-01 3.941823899371069140e-01 0.000000000000000000e+00 5.071668191521805369e-01 4.801004636785162205e-01 4.676498572787821106e-01 4.864992150706436425e-01 4.969512195121951192e-01 4.496457489878542546e-01 4.706284153005464432e-01 4.889628061687329996e-01 4.527559055118109965e-01 4.949891067538126355e-01 4.720077220077220082e-01 5.016062413951354326e-01 4.367469879518072196e-01 4.802955665024630783e-01 5.034129692832765013e-01 4.609120521172638263e-01 2.999999999999999889e-01 4.549902152641878694e-01 4.148936170212765839e-01 5.099444958371878167e-01 4.668815943728018558e-01 4.706098457016899550e-01 4.682719546742209471e-01 4.677278674225904820e-01 4.877769289533995245e-01
4.720858895705521419e-01 4.767940717628705305e-01 4.672067901234567833e-01 4.358490566037735992e-01 4.855050350930729119e-01 4.589506172839505904e-01 4.690409683426443044e-01 4.496124031007752153e-01 4.460431654676259017e-01 3.181818181818181768e-01 4.612658227848101533e-01 4.372881355932203284e-01 4.406259140099444416e-01 4.574468085106382920e-01 4.504262709188506242e-01 4.901076015272474717e-01 5.071668191521805369e-01 0.000000000000000000e+00 4.418511066398390086e-01 4.179864253393665297e-01 4.303797468354430555e-01 4.485714285714285654e-01 4.403954802259886780e-01 4.180576631259483866e-01 4.757853403141361071e-01 4.891681109185441745e-01 4.595959595959596133e-01 4.406976744186046346e-01 4.746309963099630824e-01 3.439306358381503115e-01 4.743975903614457978e-01 3.445945945945945721e-01 4.778453518679409151e-01 3.281250000000000000e-01 5.010245901639344135e-01 3.214285714285714524e-01 4.679715302491103124e-01 4.845330160618679383e-01 4.761287934863064342e-01 4.912536443148687870e-01 4.666520403685827101e-01 4.837712519319938287e-01
4.598337950138504104e-01 4.494694290045477270e-01 4.656839052682455460e-01 3.658536585365853577e-01 4.613884555382215535e-01 4.219968798751950190e-01 4.782962561041779748e-01 4.419410745233968707e-01 4.122516556291390688e-01 2.352941176470588203e-01 4.614939200926462259e-01 3.929384965831435039e-01 4.702651515151515249e-01 4.812687312687312646e-01 4.743861134631667809e-01 4.186695278969956857e-01 4.801004636785162205e-01 4.418511066398390086e-01 0.000000000000000000e+00 4.216710182767623993e-01 2.355971003433803834e-01 3.673469387755102233e-01 3.936984687868080313e-01 4.498299319727891432e-01 4.912756882512601675e-01 4.764370792335577698e-01 4.758146639511201537e-01 4.330254041570438805e-01 4.760021097046413519e-01 3.645161290322580516e-01 4.219283276450511710e-01 4.359504132231404872e-01 4.595261599210266334e-01 1.538461538461538547e-01 4.788235294117647034e-01 2.205882352941176405e-01 4.591288782816229097e-01 4.628594249201277711e-01 4.797146678555506139e-01 4.572213500784929607e-01 4.758850692662904280e-01 4.728155339805825141e-01
4.617706237424547555e-01 4.292682926829268220e-01 4.203947368421052655e-01 3.529411764705882582e-01 4.358600583090379010e-01 3.761160714285714524e-01 4.116117850953206481e-01 4.254143646408840018e-01 2.644628099173553792e-01 1.250000000000000000e-01 4.250317662007623842e-01 4.117647058823529216e-01 4.670991658943466351e-01 4.662512980269989393e-01 4.474459724950883843e-01 4.304635761589403753e-01 4.676498572787821106e-01 4.179864253393665297e-01 4.216710182767623993e-01 0.000000000000000000e+00 4.664461247637051167e-01 3.714285714285714413e-01 3.623376623376623473e-01 3.037109375000000000e-01 4.977578475336322805e-01 4.656616415410385068e-01 4.488734835355285835e-01 3.818770226537216983e-01 4.569288389513108672e-01 2.812500000000000000e-01 3.934707903780068627e-01 3.155339805825242983e-01 4.017094017094017255e-01 3.181818181818181768e-01 4.157608695652174058e-01 4.166666666666666852e-01 3.701754385964912131e-01 4.043321299638988897e-01 4.313408723747980678e-01 3.945454545454545325e-01 4.163533834586466420e-01 3.619402985074626766e-01
4.731501717140181307e-01 4.754826254826254872e-01 4.554702495201535251e-01 4.184615384615384404e-01 4.750535659626568541e-01 4.580419580419580194e-01 4.845154845154845402e-01 4.468531468531468653e-01 4.088397790055248726e-01 2.916666666666666852e-01 4.542974079126875786e-01 4.521800281293952284e-01 4.708159618820726422e-01 4.780442804428044479e-01 4.809493057797868953e-01 4.221681723419041243e-01 4.864992150706436425e-01 4.303797468354430555e-01 2.355971003433803834e-01 4.664461247637051167e-01 0.000000000000000000e+00 4.693877551020408379e-01 3.670438472418670606e-01 4.651442307692307820e-01 4.917201757350456170e-01 4.814547206165703530e-01 4.556840077071290795e-01 4.418145956607494873e-01 4.480160723254645871e-01 4.196428571428571508e-01 4.634334103156274032e-01 4.073426573426573438e-01 4.525089605734767262e-01 3.148148148148148251e-01 4.765868886576482555e-01 4.099999999999999756e-01 4.682151589242053991e-01 4.543225015328019589e-01 4.649979649979649743e-01 4.776386404293381238e-01 4.715174724748683599e-01 4.715189873417721667e-01
4.646464646464646409e-01 3.879310344827586188e-01 3.716216216216216006e-01 2.656250000000000000e-01 4.874999999999999889e-01 3.488372093023255904e-01 3.290598290598290565e-01 3.051948051948051854e-01 2.142857142857142738e-01 nan 3.519999999999999796e-01 3.098591549295774406e-01 4.650000000000000244e-01 4.458598726114649802e-01 3.978494623655913776e-01 3.666666666666666408e-01 4.969512195121951192e-01 4.485714285714285654e-01 3.673469387755102233e-01 3.714285714285714413e-01 4.693877551020408379e-01 0.000000000000000000e+00 3.636363636363636465e-01 3.413978494623655657e-01 4.281437125748502881e-01 3.821428571428571175e-01 4.482758620689655249e-01 2.619047619047619180e-01 4.365671641791044610e-01 1.333333333333333315e-01 1.749999999999999889e-01 1.666666666666666574e-01 2.363636363636363591e-01 8.333333333333332871e-02 2.307692307692307820e-01 1.388888888888888951e-01 4.007092198581560516e-01 3.841059602649006810e-01 4.184397163120567309e-01 4.099999999999999756e-01 4.349593495934959142e-01 3.684210526315789269e-01
4.729663906478324131e-01 4.683143219264892521e-01 4.750145264381173682e-01 3.504672897196261516e-01 4.744141559062649560e-01 4.202488687782805488e-01 4.668265387689848334e-01 3.828282828282828509e-01 3.964285714285714080e-01 2.500000000000000000e-01 4.515432098765432278e-01 4.012345679012345734e-01 4.663984855655466388e-01 4.913329348475791725e-01 4.405965621840242652e-01 4.314427312775330203e-01 4.496457489878542546e-01 4.403954802259886780e-01 3.936984687868080313e-01 3.623376623376623473e-01 3.670438472418670606e-01 3.636363636363636465e-01 0.000000000000000000e+00 4.006116207951070374e-01 4.733676975945017018e-01 4.626459143968871812e-01 4.471830985915493106e-01 4.000000000000000222e-01 4.574044585987261380e-01 3.297872340425531679e-01 4.589552238805970075e-01 3.932926829268292845e-01 4.323962516733600991e-01 2.999999999999999889e-01 4.737631184407796181e-01 2.857142857142856984e-01 4.429386590584878935e-01 4.253731343283582156e-01 4.410393071285809707e-01 4.239526411657559279e-01 4.571322985957132490e-01 4.329643296432964528e-01
4.514811031664964225e-01 4.086845466155811235e-01 3.975903614457831359e-01 3.970588235294117418e-01 4.693775100401606504e-01 3.980000000000000204e-01 4.308855291576673685e-01 4.024822695035460973e-01 2.346938775510204189e-01 7.142857142857142461e-02 4.366306027820711089e-01 4.011299435028248817e-01 4.752964426877470117e-01 4.878493317132442386e-01 4.681933842239185961e-01 4.471445929526123853e-01 4.706284153005464432e-01 4.180576631259483866e-01 4.498299319727891432e-01 3.037109375000000000e-01 4.651442307692307820e-01 3.413978494623655657e-01 4.006116207951070374e-01 0.000000000000000000e+00 4.807121661721068251e-01 4.591078066914497935e-01 4.607645875251509260e-01 3.354700854700854440e-01 4.602510460251045821e-01 2.685185185185185452e-01 3.306010928961748419e-01 3.066037735849056478e-01 3.492063492063491870e-01 3.043478260869565410e-01 3.544776119402985315e-01 3.709677419354838745e-01 4.390625000000000222e-01 4.178674351585014435e-01 4.766081871345029253e-01 4.004491017964071919e-01 4.722814498933902150e-01 3.894117647058823461e-01
4.789366647298082258e-01 4.427973491454482158e-01 4.608150470219435912e-01 4.648910411622276251e-01 4.833790789874962135e-01 4.569365652398143518e-01 4.740893728877206281e-01 4.580152671755725047e-01 4.597938144329896670e-01 2.674418604651162545e-01 4.654892407632967855e-01 4.370725034199726133e-01 4.519203812727782266e-01 4.692363373145131966e-01 4.862879529872674023e-01 4.809880239520958334e-01 4.889628061687329996e-01 4.757853403141361071e-01 4.912756882512601675e-01 4.977578475336322805e-01 4.917201757350456170e-01 4.281437125748502881e-01 4.733676975945017018e-01 4.807121661721068251e-01 0.000000000000000000e+00 4.729437229437229440e-01 2.557803468208092457e-01 4.850993377483443503e-01 2.787193973634651822e-01 4.761029411764705621e-01 4.673832468495181525e-01 3.732876712328767055e-01 4.906700593723494763e-01 2.962962962962962798e-01 5.123839009287926016e-01 3.699999999999999956e-01 4.743354720439963423e-01 4.754550468836183374e-01 4.632795188350743998e-01 4.631036353771025293e-01 4.742930591259640338e-01 4.755172413793103403e-01
4.749582637729549139e-01 4.504482071713147295e-01 4.912461380020597401e-01 3.858695652173912971e-01 4.685160722148833390e-01 4.648093841642228496e-01 4.609723461195361360e-01 3.909090909090909283e-01 4.042553191489361430e-01 3.714285714285714413e-01 4.350328947368420907e-01 4.052757793764987793e-01 4.427782162588792536e-01 4.717083786724700634e-01 4.813559322033898469e-01 4.940758293838862780e-01 4.527559055118109965e-01 4.891681109185441745e-01 4.764370792335577698e-01 4.656616415410385068e-01 4.814547206165703530e-01 3.821428571428571175e-01 4.626459143968871812e-01 4.591078066914497935e-01 4.729437229437229440e-01 0.000000000000000000e+00 4.505727619855748878e-01 3.955223880597014685e-01 4.651621384750219135e-01 3.869346733668341809e-01 4.022988505747126520e-01 3.256410256410256499e-01 4.410456062291435164e-01 1.562500000000000000e-01 4.271117166212534122e-01 2.656250000000000000e-01 4.347351174221736891e-01 4.671223958333333148e-01 4.647082018927444769e-01 4.554390563564875705e-01 4.618117229129662382e-01 4.761904761904761640e-01
4.732289950576606397e-01 4.491657977059436702e-01 4.593358999037536194e-01 4.308943089430894435e-01 4.702146298729741325e-01 4.465116279069767380e-01 4.695555555555555594e-01 4.331983805668015997e-01 4.436936936936937137e-01 3.593750000000000000e-01 4.586056644880174282e-01 4.088235294117646967e-01 4.390099009900990112e-01 5.050055617352614545e-01 4.516826923076923128e-01 4.669322709163346574e-01 4.949891067538126355e-01 4.595959595959596133e-01 4.758146639511201537e-01 4.488734835355285835e-01 4.556840077071290795e-01 4.482758620689655249e-01 4.471830985915493106e-01 4.607645875251509260e-01 2.557803468208092457e-01 4.505727619855748878e-01 0.000000000000000000e+00 4.433249370277078105e-01 2.064147973238882328e-01 3.981042654028436045e-01 4.825897714907508296e-01 4.213483146067415475e-01 4.716351501668520352e-01 2.812500000000000000e-01 4.705093833780160661e-01 3.333333333333333148e-01 4.544491525423728917e-01 4.682100898410504475e-01 4.710395090141925589e-01 4.729822161422708726e-01 4.775233248515691198e-01 4.555084745762711940e-01
4.575707154742096328e-01 4.422413793103448509e-01 4.387159533073929918e-01 3.274111675126903376e-01 4.485559566787003516e-01 3.991477272727272929e-01 4.166666666666666852e-01 3.725212464589235384e-01 2.063492063492063378e-01 3.611111111111111049e-01 4.200743494423792024e-01 4.340974212034384161e-01 4.285714285714285476e-01 4.160839160839160944e-01 4.424686192468619272e-01 4.430693069306930743e-01 4.720077220077220082e-01 4.406976744186046346e-01 4.330254041570438805e-01 3.818770226537216983e-01 4.418145956607494873e-01 2.619047619047619180e-01 4.000000000000000222e-01 3.354700854700854440e-01 4.850993377483443503e-01 3.955223880597014685e-01 4.433249370277078105e-01 0.000000000000000000e+00 4.637096774193548154e-01 2.040358744394618895e-01 3.896551724137931050e-01 2.166666666666666741e-01 4.291044776119403159e-01 2.500000000000000000e-01 4.047619047619047672e-01 1.428571428571428492e-01 3.850000000000000089e-01 3.121387283236994326e-01 4.356659142212189750e-01 3.257790368271954451e-01 4.235588972431077459e-01 3.447098976109215229e-01
4.687230371009490915e-01 4.567360350492880583e-01 4.744303797468354400e-01 3.936651583710407132e-01 4.742765273311896901e-01 4.262634631317315792e-01 4.687927107061503618e-01 4.310344827586206629e-01 4.367816091954023205e-01 4.285714285714285476e-01 4.623955431754874779e-01 4.135802469135802517e-01 4.200497100248550275e-01 4.943687018375815256e-01 4.551637279596977281e-01 4.782883642495784349e-01 5.016062413951354326e-01 4.746309963099630824e-01 4.760021097046413519e-01 4.569288389513108672e-01 4.480160723254645871e-01 4.365671641791044610e-01 4.574044585987261380e-01 4.602510460251045821e-01 2.787193973634651822e-01 4.651621384750219135e-01 2.064147973238882328e-01 4.637096774193548154e-01 0.000000000000000000e+00 4.270833333333333148e-01 4.646118721461187095e-01 3.666666666666666408e-01 4.527744982290436981e-01 1.388888888888888951e-01 4.942775393419170382e-01 3.225806451612903136e-01 4.567099567099567325e-01 4.656543745480838936e-01 4.703525641025640969e-01 4.663082437275985481e-01 4.734765453748355779e-01 4.510332434860736539e-01
3.947368421052631637e-01 4.414225941422594279e-01 3.556701030927835183e-01 2.288135593220338992e-01 3.691860465116278966e-01 3.914285714285714035e-01 4.684210526315789602e-01 3.588957055214723746e-01 2.083333333333333426e-01 2.031250000000000000e-01 4.278846153846153633e-01 4.160305343511450649e-01 4.222222222222222210e-01 3.636363636363636465e-01 3.297872340425531679e-01 3.924528301886792692e-01 4.367469879518072196e-01 3.439306358381503115e-01 3.645161290322580516e-01 2.812500000000000000e-01 4.196428571428571508e-01 1.333333333333333315e-01 3.297872340425531679e-01 2.685185185185185452e-01 4.761029411764705621e-01 3.869346733668341809e-01 3.981042654028436045e-01 2.040358744394618895e-01 4.270833333333333148e-01 0.000000000000000000e+00 3.888888888888888951e-01 1.499999999999999944e-01 4.568965517241379559e-01 0.000000000000000000e+00 3.857142857142857317e-01 1.000000000000000056e-01 3.173076923076922906e-01 3.125000000000000000e-01 5.078947368421052877e-01 3.089887640449437978e-01 4.634146341463414864e-01 3.502824858757062065e-01
4.845830413454800256e-01 4.719202898550724501e-01 4.904434250764526104e-01 3.033707865168539519e-01 4.918899858956276572e-01 4.315068493150684970e-01 4.773175542406311589e-01 3.918918918918918859e-01 3.802395209580838320e-01 2.222222222222222099e-01 4.814606741573033699e-01 4.255319148936170248e-01 4.825418994413407936e-01 5.077745383867833251e-01 4.698795180722891707e-01 4.678899082568807599e-01 4.802955665024630783e-01 4.743975903614457978e-01 4.219283276450511710e-01 3.934707903780068627e-01 4.634334103156274032e-01 1.749999999999999889e-01 4.589552238805970075e-01 3.306010928961748419e-01 4.673832468495181525e-01 4.022988505747126520e-01 4.825897714907508296e-01 3.896551724137931050e-01 4.646118721461187095e-01 3.888888888888888951e-01 0.000000000000000000e+00 3.433734939759036098e-01 3.118908382066276630e-01 4.130434782608695676e-01 3.541436464088397740e-01 2.500000000000000000e-01 4.561186650185414249e-01 4.211956521739130266e-01 4.484159220146222702e-01 4.458804523424879096e-01 4.789272030651340883e-01 4.176136363636363535e-01
4.761092150170648241e-01 4.003831417624520994e-01 4.655870445344129638e-01 2.666666666666666630e-01 4.795918367346938549e-01 3.418604651162790442e-01 4.015544041450777035e-01 3.587786259541984601e-01 1.749999999999999889e-01 1.153846153846153910e-01 4.182242990654205794e-01 4.146341463414633943e-01 4.657534246575342207e-01 5.075187969924812581e-01 4.095744680851063912e-01 4.302325581395348708e-01 5.034129692832765013e-01 3.445945945945945721e-01 4.359504132231404872e-01 3.155339805825242983e-01 4.073426573426573438e-01 1.666666666666666574e-01 3.932926829268292845e-01 3.066037735849056478e-01 3.732876712328767055e-01 3.256410256410256499e-01 4.213483146067415475e-01 2.166666666666666741e-01 3.666666666666666408e-01 1.499999999999999944e-01 3.433734939759036098e-01 0.000000000000000000e+00 3.723404255319148759e-01 2.222222222222222099e-01 4.361702127659574657e-01 2.682926829268292845e-01 4.057971014492753881e-01 3.414634146341463672e-01 3.923444976076554958e-01 3.449612403100775215e-01 3.567073170731707155e-01 2.819148936170212671e-01
4.877450980392156743e-01 4.574795081967212851e-01 4.874213836477987449e-01 3.681318681318681563e-01 4.506329113924050778e-01 4.295774647887323772e-01 4.803921568627451122e-01 3.733031674208144857e-01 3.722826086956521618e-01 1.250000000000000000e-01 4.734982332155476814e-01 3.431952662721893255e-01 4.671266233766233622e-01 4.797921478060045986e-01 4.812967581047381538e-01 4.672509225092251195e-01 4.609120521172638263e-01 4.778453518679409151e-01 4.595261599210266334e-01 4.017094017094017255e-01 4.525089605734767262e-01 2.363636363636363591e-01 4.323962516733600991e-01 3.492063492063491870e-01 4.906700593723494763e-01 4.410456062291435164e-01 4.716351501668520352e-01 4.291044776119403159e-01 4.527744982290436981e-01 4.568965517241379559e-01 3.118908382066276630e-01 3.723404255319148759e-01 0.000000000000000000e+00 3.928571428571428492e-01 3.643578643578643805e-01 2.368421052631578816e-01 4.620000000000000218e-01 4.259259259259259300e-01 5.031760435571688284e-01 3.940170940170940050e-01 4.827586206896551935e-01 4.198396793587174103e-01
2.894736842105263275e-01 3.428571428571428603e-01 1.956521739130434867e-01 2.000000000000000111e-01 3.157894736842105088e-01 3.333333333333333148e-01 1.428571428571428492e-01 1.499999999999999944e-01 0.000000000000000000e+00 nan 2.631578947368420907e-01 2.500000000000000000e-01 2.368421052631578816e-01 3.599999999999999867e-01 3.026315789473684181e-01 3.194444444444444198e-01 2.999999999999999889e-01 3.281250000000000000e-01 1.538461538461538547e-01 3.181818181818181768e-01 3.148148148148148251e-01 8.333333333333332871e-02 2.999999999999999889e-01 3.043478260869565410e-01 2.962962962962962798e-01 1.562500000000000000e-01 2.812500000000000000e-01 2.500000000000000000e-01 1.388888888888888951e-01 0.000000000000000000e+00 4.130434782608695676e-01 2.222222222222222099e-01 3.928571428571428492e-01 0.000000000000000000e+00 5.000000000000000000e-01 1.499999999999999944e-01 1.250000000000000000e-01 3.076923076923077094e-01 1.785714285714285754e-01 4.285714285714285476e-01 1.428571428571428492e-01 1.875000000000000000e-01
4.788177339901477647e-01 4.495586380832282680e-01 4.857293868921775948e-01 3.591549295774648098e-01 4.540967423494570721e-01 3.847656250000000000e-01 4.632627646326276660e-01 4.144385026737967825e-01 3.925925925925926041e-01 1.000000000000000056e-01 4.782293178519593790e-01 3.811475409836065364e-01 4.511718750000000000e-01 4.886524822695035297e-01 4.759759759759759623e-01 4.561111111111111338e-01 4.549902152641878694e-01 5.010245901639344135e-01 4.788235294117647034e-01 4.157608695652174058e-01 4.765868886576482555e-01 2.307692307692307820e-01 4.737631184407796181e-01 3.544776119402985315e-01 5.123839009287926016e-01 4.271117166212534122e-01 4.705093833780160661e-01 4.047619047619047672e-01 4.942775393419170382e-01 3.857142857142857317e-01 3.541436464088397740e-01 4.361702127659574657e-01 3.643578643578643805e-01 5.000000000000000000e-01 0.000000000000000000e+00 0.000000000000000000e+00 4.639639639639639435e-01 4.560185185185185452e-01 5.054112554112554223e-01 4.546370967741935609e-01 5.031094527363184632e-01 4.111675126903553412e-01
3.499999999999999778e-01 2.700000000000000178e-01 4.032258064516128782e-01 2.586206896551724310e-01 3.800000000000000044e-01 2.261904761904761918e-01 3.414634146341463672e-01 2.500000000000000000e-01 4.545454545454545581e-02 0.000000000000000000e+00 2.500000000000000000e-01 2.187500000000000000e-01 4.099999999999999756e-01 4.042553191489361430e-01 2.959183673469387710e-01 3.555555555555555691e-01 4.148936170212765839e-01 3.214285714285714524e-01 2.205882352941176405e-01 4.166666666666666852e-01 4.099999999999999756e-01 1.388888888888888951e-01 2.857142857142856984e-01 3.709677419354838745e-01 3.699999999999999956e-01 2.656250000000000000e-01 3.333333333333333148e-01 1.428571428571428492e-01 3.225806451612903136e-01 1.000000000000000056e-01 2.500000000000000000e-01 2.682926829268292845e-01 2.368421052631578816e-01 1.499999999999999944e-01 0.000000000000000000e+00 0.000000000000000000e+00 3.250000000000000111e-01 2.096774193548387177e-01 1.714285714285714302e-01 4.354838709677419373e-01 2.037037037037036924e-01 2.638888888888888951e-01
4.622866216752679613e-01 4.737771053958648726e-01 4.481779460482726019e-01 4.004739336492891266e-01 4.786585365853658347e-01 4.223140495867768740e-01 4.404487917146144849e-01 4.041994750656168200e-01 3.662500000000000200e-01 4.230769230769230727e-01 4.440133037694013463e-01 4.403153153153153143e-01 4.831786542923434125e-01 4.784335981838819252e-01 4.793962625778629416e-01 4.696414017929910201e-01 5.099444958371878167e-01 4.679715302491103124e-01 4.591288782816229097e-01 3.701754385964912131e-01 4.682151589242053991e-01 4.007092198581560516e-01 4.429386590584878935e-01 4.390625000000000222e-01 4.743354720439963423e-01 4.347351174221736891e-01 4.544491525423728917e-01 3.850000000000000089e-01 4.567099567099567325e-01 3.173076923076922906e-01 4.561186650185414249e-01 4.057971014492753881e-01 4.620000000000000218e-01 1.250000000000000000e-01 4.639639639639639435e-01 3.250000000000000111e-01 0.000000000000000000e+00 4.352941176470588314e-01 3.649617590822179514e-01 4.324324324324324564e-01 3.268342739866598179e-01 4.207994078460399745e-01
4.583144540099682862e-01 4.375000000000000000e-01 4.332925336597307497e-01 3.790613718411552369e-01 4.665418811417875733e-01 4.283105022831050213e-01 4.554973821989528604e-01 3.449781659388646560e-01 4.156378600823045222e-01 3.088235294117647189e-01 4.353995519044062679e-01 4.315789473684210620e-01 4.716939407341884105e-01 4.400123685837971643e-01 4.599156118143459815e-01 4.778571428571428692e-01 4.668815943728018558e-01 4.845330160618679383e-01 4.628594249201277711e-01 4.043321299638988897e-01 4.543225015328019589e-01 3.841059602649006810e-01 4.253731343283582156e-01 4.178674351585014435e-01 4.754550468836183374e-01 4.671223958333333148e-01 4.682100898410504475e-01 3.121387283236994326e-01 4.656543745480838936e-01 3.125000000000000000e-01 4.211956521739130266e-01 3.414634146341463672e-01 4.259259259259259300e-01 3.076923076923077094e-01 4.560185185185185452e-01 2.096774193548387177e-01 4.352941176470588314e-01 0.000000000000000000e+00 4.625314861460957383e-01 2.263183593750000000e-01 4.552760307477288770e-01 3.133732534930139813e-01
